3.4128
3.4030
3.3946
3.3825
3.3742
3.3261
3.3590
3.3546
3.3540
3.3519
3.3552
3.3595
3.3654
3.3727
3.3855
3.3885
3.3966
3.4035
3.4094
3.4127
3.4130
3.4095
3.4026
3.3942
3.3865
3.3807
3.3765
3.3741
3.3751
3.3769
3.3776
3.3763
3.3716
3.3633
3.3529
3.3407
3.3281
3.3159
3.3042
3.2921
3.2798
3.2698
3.2600
3.2517
3.2447
3.2403
3.2381
3.2379
3.2407
3.2496
3.2529
3.2618
3.2716
3.2787
3.2895
3.2976
3.3059
3.3150
3.3248
3.3345
3.3434
3.3529
3.3622
3.3716
3.3806
3.3898
3.3983
3.4067
3.4131
3.4187
3.4251
3.4293
3.4338
3.4380
3.4420
3.4457
3.4491
3.4496
3.4563
3.4576
3.4606
3.4630
3.4654
3.4684
3.4723
3.4774
3.4842
3.4925
3.5025
3.5150
3.5253
3.5334
3.5369
3.5377
3.5370
3.5351
3.5318
3.5276
3.5220
3.5158
3.5078
3.4989
3.4897
3.4806
3.4717
3.4634
3.4561
3.4500
3.4441
3.4321
3.4192
3.4071
3.3975
3.3893
3.3821
3.3753
3.3690
3.3618
3.3550
3.3472
3.3390
3.3300
3.3210
3.3104
3.3004
3.2899
3.2798
3.2716
3.2647
3.2596
3.2577
3.2574
3.2607
3.2672
3.2759
3.2872
3.3012
3.3174
3.3340
3.3517
3.3699
3.3869
3.4034
3.4184
3.4166
3.4073
3.3984
3.3908
3.3853
3.3808
3.3777
3.3770
3.3751
3.3806
3.3852
3.3918
3.4007
3.4095
3.4189
3.4281
3.4349
3.4368
3.4310
3.4214
3.4099
3.3974
3.3819
3.3714
3.3591
3.3478
3.3388
3.3320
3.3274
3.3260
3.3269
3.3295
3.3187
3.3104
3.3035
3.2983
3.3278
3.2950
3.2966
3.3005
3.3066
3.3149
3.3249
3.3363
3.3491
3.3598
3.3565
3.3530
3.3445
3.3392
3.3307
3.3270
3.3251
3.3246
3.3268
3.3309
3.3151
3.3424
3.3496
3.3576
3.3661
3.3751
3.3847
3.3950
3.4058
3.4171
3.4284
3.4402
3.4508
3.4611
3.4707
3.4785
3.4836
3.4865
3.4856
3.4810
3.4742
3.4635
3.4525
3.4409
3.4296
3.4183
3.4057
3.3859
3.3632
3.3426
3.3253
3.3107
3.3027
3.2980
3.2977
3.3006
3.3074
3.3164
3.3258
3.3358
3.3446
3.3516
3.3559
3.3580
3.3562
3.3488
3.3350
3.3169
3.2961
3.2772
3.2598
3.2451
3.2340
3.2264
3.2227
3.2225
3.2258
3.2312
3.2389
3.2496
3.2631
3.2786
3.2953
3.3134
3.3326
3.3518
3.3688
3.3823
3.3890
3.3878
3.3805
3.3692
3.3556
3.3415
3.3291
3.3182
3.3127
3.3111
3.3137
3.3206
3.3309
3.3394
3.3409
3.3414
3.3430
3.3458
3.3500
3.3558
3.3630
3.3719
3.3824
3.3946
3.4083
3.4232
3.4385
3.4535
3.4632
3.4580
3.4444
3.4292
3.4139
3.4003
3.3877
3.3763
3.3662
3.3572
3.3495
3.3429
3.3375
3.3329
3.3292
3.3257
3.3245
3.3227
3.3209
3.3198
3.3196
3.3199
3.3212
3.3237
3.3277
3.3334
3.3396
3.3363
3.3226
3.3082
3.2954
3.2845
3.2760
3.2684
3.2628
3.2599
3.2592
3.2609
3.2649
3.2721
3.2821
3.2951
3.3104
3.3279
3.3474
3.3681
3.3890
3.4082
3.4237
3.4324
3.4330
3.4273
3.4172
3.4048
3.3923
3.3811
3.3719
3.3650
3.3601
3.3563
3.3571
3.3582
3.3608
3.3644
3.3692
3.3753
3.3827
3.3908
3.3980
3.3996
3.4050
3.4080
3.4095
3.4073
3.3997
3.3882
3.3744
3.3591
3.3428
3.3244
3.3083
3.2909
3.2746
3.2600
3.2477
3.2385
3.2323
3.2299
3.2310
3.2018
3.2421
3.2515
3.2629
3.2756
3.2893
3.3037
3.3188
3.3346
3.3504
3.3659
3.3667
3.3573
3.3470
3.3367
3.3271
3.3188
3.3126
3.3085
3.3069
3.3087
3.3132
3.3201
3.3288
3.3386
3.3491
3.3600
3.3702
3.3798
3.3879
3.3937
3.3972
3.3984
3.3976
3.3949
3.3908
3.3862
3.3815
3.3772
3.3735
3.3710
3.3693
3.3681
3.3664
3.3634
3.3601
3.3570
3.3553
3.3551
3.3561
3.3580
3.3604
3.3629
3.3649
3.3663
3.3667
3.3661
3.3642
3.3601
3.3516
3.3396
3.3271
3.3152
3.3043
3.2947
3.2860
3.2781
3.2713
3.2655
3.2607
3.2571
3.2549
3.2546
3.2567
3.2615
3.2694
3.2806
3.2944
3.3105
3.3240
3.3377
3.3529
3.3696
3.3870
3.4046
3.4213
3.4363
3.4469
3.4539
3.4586
3.4616
3.4634
3.4643
3.4644
3.4640
3.4630
3.4617
3.4593
3.4556
3.4501
3.4416
3.4322
3.4234
3.4152
3.4069
3.3991
3.3924
3.3860
3.3796
3.3747
3.3698
3.3659
3.3625
3.3596
3.3567
3.3540
3.3515
3.3494
3.3475
3.3463
3.3459
3.3444
3.3392
3.3313
3.3218
3.3131
3.3057
3.3001
3.2958
3.2932
3.2922
3.2929
3.2950
3.2977
3.3029
3.3083
3.3104
3.3079
3.3050
3.3039
3.3036
3.3052
3.3088
3.3144
3.3228
3.3318
3.3417
3.3527
3.3641
3.3756
3.3864
3.3962
3.4045
3.4112
3.4153
3.4145
3.4087
3.4021
3.3963
3.3928
3.3914
3.3927
3.3968
3.4039
3.4131
3.4243
3.4361
3.4458
3.4458
3.4433
3.4393
3.4346
3.4294
3.4239
3.4183
3.4131
3.4086
3.4050
3.4030
3.4023
3.4033
3.4061
3.4100
3.4149
3.4164
3.4117
3.4070
3.4042
3.4027
3.4025
3.4036
3.4060
3.4078
3.4096
3.4108
3.4114
3.4117
3.4114
3.4112
3.4113
3.4113
3.4119
3.4100
3.3951
3.3714
3.3478
3.3262
3.3072
3.2914
3.2800
3.2724
3.2695
3.2703
3.2750
3.2836
3.2952
3.3094
3.3255
3.3429
3.3599
3.3720
3.3821
3.3906
3.3980
3.4054
3.4124
3.4190
3.4247
3.4295
3.4321
3.4358
3.4317
3.4262
3.4129
3.3998
3.3855
3.3704
3.3563
3.3443
3.3335
3.3257
3.3192
3.3169
3.3166
3.3175
3.3239
3.3312
3.3402
3.3521
3.3643
3.3761
3.3885
3.3955
3.3979
3.3953
3.3880
3.3737
3.3557
3.3364
3.3115
3.3035
3.2881
3.2773
3.2695
3.2644
3.2620
3.2631
3.2662
3.2730
3.2844
3.2880
3.3046
3.3178
3.3313
3.3444
3.3586
3.3722
3.3841
3.3958
3.4027
3.4168
3.4260
3.4312
3.4315
3.4320
3.4279
3.4250
3.4282
3.4304
3.4566
3.4321
3.4410
3.4448
3.4470
3.4456
3.4429
3.4336
3.4219
3.4097
3.3991
3.3902
3.3869
3.3860
3.3891
3.3900
3.4057
3.4272
3.4300
3.4430
3.4555
3.4665
3.4742
3.4791
3.4788
3.4738
3.4609
3.4443
3.4209
3.3970
3.3728
3.3498
3.3291
3.3115
3.2981
3.2886
3.2828
3.2818
3.2850
3.2915
3.3010
3.3129
3.3262
3.3399
3.3532
3.3675
3.3748
3.3656
3.3495
3.3294
3.3086
3.2879
3.2682
3.2491
3.2368
3.2491
3.2195
3.2113
3.2181
3.2231
3.2316
3.2432
3.2574
3.2741
3.2901
3.3068
3.3237
3.3347
3.3513
3.3540
3.3482
3.3433
3.3362
3.3344
3.3362
3.3417
3.3503
3.3658
3.3700
3.3788
3.4102
3.3866
3.3843
3.3822
3.3735
3.3623
3.3498
3.3371
3.3268
3.3185
3.3137
3.3144
3.3168
3.3254
3.3367
3.3563
3.3770
3.3994
3.4213
3.4405
3.4544
3.4633
3.4681
3.4695
3.4674
3.4587
3.4443
3.4342
3.4221
3.4112
3.4013
3.3914
3.3833
3.3755
3.3673
3.3600
3.3535
3.3490
3.3468
3.3466
3.3475
3.3497
3.3514
3.3525
3.3519
3.3519
3.3503
3.3455
3.3363
3.3241
3.3097
3.2937
3.2790
3.2659
3.2529
3.2440
3.2390
3.2382
3.2421
3.2507
3.2633
3.2779
3.2950
3.3097
3.3270
3.3417
3.3544
3.3642
3.3701
3.3710
3.3660
3.3559
3.3443
3.3290
3.3183
3.3081
3.3012
3.2981
3.2989
3.3017
3.3083
3.3139
3.3189
3.3223
3.3229
3.3249
3.3269
3.3286
3.3289
3.3271
3.3236
3.3188
3.3100
3.2974
3.2942
3.2889
3.2860
3.2874
3.2902
3.2981
3.3056
3.3119
3.3177
3.3211
3.3231
3.3238
3.3233
3.3220
3.3218
3.3174
3.3147
3.3163
3.3101
3.3088
3.3084
3.3090
3.3113
3.3162
3.3231
3.3332
3.3453
3.3589
3.3721
3.3863
3.3968
3.4049
3.4094
3.4088
3.4041
3.3951
3.3852
3.3729
3.3606
3.3495
3.3407
3.3554
3.3342
3.3368
3.3418
3.3516
3.3624
3.3740
3.3858
3.3975
3.4713
3.4159
3.4204
3.4209
3.4159
3.4054
3.3887
3.3685
3.3483
3.3234
3.2992
3.2833
3.2674
3.2565
3.2473
3.2553
3.2470
3.2519
3.2611
3.2723
3.2855
3.3003
3.3156
3.3287
3.3443
3.3606
3.3736
3.3847
3.3934
3.3986
3.3969
3.3839
3.3646
3.3425
3.3251
3.3127
3.3004
3.2925
3.2877
3.2863
3.2878
3.2918
3.2971
3.3059
3.3157
3.3230
3.3318
3.3383
3.3446
3.3483
3.3561
3.3616
3.3674
3.3721
3.3755
3.3800
3.3816
3.3767
3.3693
3.3595
3.3511
3.3416
3.3330
3.3250
3.3182
3.3125
3.3077
3.3061
3.3058
3.3068
3.3124
3.3223
3.3281
3.3396
3.3533
3.3690
3.3849
3.4042
3.4206
3.4230
3.4149
3.4057
3.3961
3.3871
3.3758
3.3652
3.3544
3.3440
3.3343
3.3252
3.3201
3.3164
3.3165
3.3204
3.3282
3.3392
3.3522
3.3635
3.3679
3.3692
3.3728
3.3756
