3.8394
3.8457
3.8567
3.8728
3.8907
3.8708
3.9082
3.9119
3.9169
3.9164
3.9151
3.9071
3.8903
3.8818
3.8822
3.8740
3.8703
3.8650
3.8576
3.8652
3.8703
3.8659
3.6568
3.6555
3.7291
3.7316
3.7281
3.7279
3.7746
3.7798
3.7815
3.7790
3.7685
3.7639
3.7591
3.7560
3.7647
3.7711
3.7714
3.7647
3.7509
3.7453
3.7371
3.7319
3.7251
3.7200
3.7157
3.7163
3.7172
3.7216
3.7221
3.7256
3.7304
3.7316
3.7350
3.7351
3.7415
3.7458
3.7507
3.7574
3.7640
3.7665
3.7699
3.7687
3.7615
3.7542
3.7502
3.7438
3.7413
3.7364
3.7352
3.7355
3.7289
3.7202
3.7224
3.7267
3.7291
3.7295
3.7365
3.7362
3.7370
3.8197
3.8210
3.8233
3.8263
3.8297
3.8334
3.8383
3.8469
3.8500
3.8563
3.8626
3.8626
3.8647
3.8661
3.8731
3.8804
3.8854
3.9275
3.9267
3.9288
3.9257
3.9203
3.9184
3.8282
3.8171
3.9131
3.9055
3.8984
3.8914
3.8846
3.8757
3.8665
3.8559
3.8001
3.8043
3.7992
3.8657
3.8577
3.8458
3.8343
3.8219
3.8106
3.7986
3.7882
3.7801
3.7720
3.7612
3.7515
3.7493
3.7454
3.7469
3.7468
3.7460
3.7473
3.7553
3.7670
3.7806
3.7956
3.8065
3.8130
3.8191
3.8230
3.8199
3.8126
3.8099
3.8095
3.8130
3.8597
3.8607
3.8584
3.8543
3.8437
3.8373
3.8332
3.8297
3.8273
3.8231
3.8112
3.7955
3.7918
3.7941
3.7999
3.7942
3.7885
3.7861
3.7847
3.7897
3.7902
3.7863
3.8325
3.8357
3.8402
3.8469
3.8045
3.8008
3.7984
3.7975
3.7965
3.7926
3.8125
3.7813
 3.854
3.8454
3.8371
3.8297
3.8185
3.7922
3.7788
3.7700
3.7555
3.7545
3.7572
3.7663
3.7663
3.7687
3.7769
3.7936
3.8129
 3.873
 3.867
 3.892
 3.905
 3.917
 3.929
 3.938
 3.951
3.9194
3.9254
 3.994
3.8687
3.8689
3.9431
3.9406
3.9379
3.9349
3.9251
3.9020
3.8920
3.8850
3.8798
3.8767
3.8708
3.8621
3.8475
3.8356
3.8219
3.8079
3.7946
3.7820
3.7735
3.7618
3.7531
3.7493
3.7493
3.7513
3.7564
3.7632
3.7693
3.7761
3.7598
3.7515
3.7504
3.7504
3.8107
3.8015
3.7839
3.7790
3.7753
3.7759
3.7700
3.7643
3.7572
3.7490
3.7398
3.7327
3.7304
3.7287
3.7289
3.7281
3.7323
3.7358
3.7365
3.7419
3.7441
3.7778
3.7896
3.7970
3.8036
3.8048
3.7513
3.7447
3.7400
3.7352
3.7332
3.7355
3.7377
3.7456
3.7521
3.7622
3.7700
3.7869
3.8002
3.8144
3.8318
3.8444
3.8534
3.8568
3.8495
3.8488
3.8459
3.8437
3.8389
3.8327
3.8259
3.8147
3.7933
3.7787
3.7714
3.7674
3.7621
3.7669
3.7630
3.8399
3.8403
3.8438
3.8487
3.8563
3.8618
3.8645
 3.867
 3.869
 3.872
 3.872
 3.872
 3.871
 3.867
 3.862
 3.862
 3.862
3.8092
3.8098
3.8120
3.8161
3.8156
3.8127
3.8090
3.8061
3.8033
3.7975
3.7892
3.7902
3.7906
3.7938
3.7963
3.7966
3.7857
3.7786
3.7777
3.7811
3.7828
3.7882
3.7928
3.7547
3.7530
3.7619
3.7632
3.7758
3.7801
3.7796
3.7730
3.7709
3.7631
3.7624
3.7623
3.7617
3.7659
3.7660
3.7699
3.7687
3.7673
3.7645
3.7582
3.7478
3.8597
3.8513
3.8428
3.8298
3.8109
3.7806
3.7625
3.7494
3.7396
3.7307
3.7271
3.7212
3.7177
3.7143
3.7172
3.7133
3.7068
3.7041
3.6987
3.6891
3.6880
3.6484
3.6945
3.7013
3.7125
3.7720
3.7634
3.7592
3.7586
3.7564
3.7512
3.7955
3.7932
3.7889
3.7786
3.7684
3.7607
3.7580
3.7565
3.7572
3.7557
3.7556
3.7657
3.7782
3.7936
3.8059
3.8155
3.8121
3.8155
3.8197
3.8391
3.8533
3.8547
3.8486
3.8406
3.8380
3.8349
3.8309
3.8129
3.8008
3.7929
3.7889
3.7855
3.7822
3.7726
3.7629
3.7576
3.7497
3.7432
3.7416
3.7388
3.7321
3.7184
3.7139
3.7122
3.7115
3.7108
3.7201
3.7228
3.7380
3.7569
3.7598
3.7628
3.7679
3.7812
3.7906
3.7448
3.7450
3.7512
3.7587
3.7556
3.7508
3.7353
3.7325
3.7304
3.7401
3.7391
3.7471
3.7512
3.7627
3.7702
3.7804
3.7946
3.8006
3.8081
3.8145
3.8173
3.8190
3.8140
3.8138
3.8169
3.8146
3.8152
3.8125
3.8120
3.8127
3.8161
3.8203
3.8257
3.8269
3.8293
3.8343
3.8365
3.8368
3.8385
3.8404
3.8394
3.8387
3.8380
3.8399
3.8375
3.8358
3.8348
3.8343
3.8287
3.8240
3.8200
3.8083
3.8037
3.7991
3.7898
3.7863
3.7807
3.7747
3.7685
3.7596
3.7444
3.7357
3.7308
3.7311
3.7347
3.7486
3.7556
3.7600
3.7661
3.7749
3.7822
3.7884
3.8123
3.8200
3.8270
3.8333
3.7973
3.7999
3.7995
3.7984
3.7956
3.7949
3.7920
3.7933
3.7931
3.7884
3.7877
3.7889
3.7876
3.7883
3.7858
3.7780
3.7753
3.7728
3.7782
3.7802
3.7785
3.7785
3.7743
3.7706
3.7634
3.7557
3.7535
3.7602
3.7631
3.7726
3.7798
3.7879
3.7938
3.8007
3.8100
3.8160
3.8260
3.8277
3.8324
3.8380
3.8459
3.8498
3.8547
3.8627
3.8671
3.8714
3.8754
3.8813
3.8864
3.8888
3.8939
3.8970
3.8933
3.8812
3.8380
3.8402
3.8413
3.8325
3.8228
3.8150
3.8063
3.7958
3.7869
3.7799
3.8703
3.8754
 3.875
 3.874
 3.873
3.8200
3.8179
3.8158
3.8242
3.8436
 3.856
 3.866
 3.878
 3.886
 3.892
3.8927
3.8933
3.8782
3.8651
3.8490
3.8351
3.8223
3.8106
3.7975
3.7838
3.7666
3.7554
3.7441
3.7310
3.7220
3.7739
3.7642
3.7535
3.7443
3.7390
3.7347
3.7310
3.7310
3.7322
3.7308
3.7338
3.7324
3.7243
3.7606
3.7658
3.7661
3.7656
3.7644
3.7683
3.7779
3.7808
3.7796
3.7748
3.7672
3.7624
3.7663
3.7661
3.7651
3.7626
3.8017
3.8058
3.8078
3.8115
3.8143
3.8246
3.8140
3.8159
3.8216
3.8302
3.8423
3.8569
3.8687
3.8791
3.8867
3.8897
3.8978
3.9043
3.8583
3.8655
3.8750
3.9098
3.9145
3.8335
3.8313
3.8531
3.8238
3.8215
3.8211
3.8165
3.8088
3.8014
3.7909
3.7800
3.7704
3.7629
3.7562
3.7557
3.7578
3.7594
3.7634
3.7771
3.7968
3.7981
3.8119
3.8224
3.8285
3.8300
3.8308
3.8341
3.8400
3.8451
3.8440
3.8361
3.8275
3.8214
3.8126
3.8005
3.7913
3.7834
3.7836
3.7836
3.7077
3.6997
3.6966
3.6968
3.7515
3.7520
3.7543
3.7584
3.7650
3.7633
3.7581
3.7533
3.7470
3.7532
3.7512
3.7406
3.7319
3.7339
3.7525
3.7311
3.7343
3.7616
3.7896
3.8001
3.8075
3.8097
3.8111
3.8102
3.8033
3.7914
3.7509
3.7343
3.7285
3.7213
3.7203
3.7587
3.7597
3.7698
3.7387
3.7493
3.7698
3.7745
3.7853
3.8202
3.7986
3.7957
3.7891
3.7817
3.7716
3.7691
3.7592
3.7517
3.7440
3.7403
3.7406
3.7401
3.7433
3.7483
3.7591
3.7722
3.7858
3.8055
3.8199
3.8276
3.8311
3.8340
3.8381
3.8385
3.8388
3.8344
3.8351
3.8338
3.8364
3.8394
3.8422
3.8475
3.8531
3.8527
3.8517
3.8524
3.8485
3.8457
3.8448
3.8445
3.8446
3.8458
3.8470
3.8440
3.8428
3.7816
3.7680
3.8105
3.8016
 3.866
 3.849
3.8325
3.8157
3.8004
3.7901
3.7828
3.7754
3.7792
3.7870
3.7954
3.8037
3.8131
3.8156
3.7887
3.8085
3.8138
3.8044
3.7941
3.7786
3.7583
3.7340
3.7079
3.6917
3.6859
3.6818
3.6781
3.6735
3.6726
3.6813
3.6937
3.7070
3.7190
3.7295
3.7361
3.7410
3.7427
3.7467
3.7493
3.7473
3.7439
3.7327
3.7280
3.7241
3.7302
3.7434
3.7521
3.7585
3.7616
3.7656
3.7682
3.7751
3.7823
3.7899
3.7968
3.8011
 3.894
 3.895
 3.889
3.8774
3.8638
3.8559
3.8425
3.8348
3.8282
3.7561
3.7533
3.7603
3.7705
3.7793
3.7858
3.7928
3.7999
3.8072
3.8253
3.8493
3.8578
3.8596
3.8613
3.8577
3.8542
3.8543
3.8462
3.8383
3.8287
3.8339
3.8077
3.7986
3.7927
3.7903
3.7894
3.7993
3.8617
3.8752
3.9587
3.9074
3.9089
3.9054
3.8987
3.8858
3.7983
3.7795
3.7471
3.7292
3.7119
3.7006
3.6897
3.6819
3.6730
3.6796
3.6697
3.6716
3.7524
3.7591
3.7692
3.7807
3.7904
3.7975
3.8008
3.7768
3.7814
3.7834
3.7866
3.7835
3.7753
3.7706
3.7639
3.7542
3.7505
3.7501
3.7998
3.8009
3.8019
3.8097
3.8156
3.8212
3.8232
3.8245
3.8240
3.8202
3.8164
3.8106
3.8094
3.8042
3.8023
3.7981
3.7785
3.7623
3.7565
3.7560
3.7547
3.7554
3.7580
3.7659
3.7731
3.7754
3.7762
3.7781
3.7831
3.7885
3.7928
3.7979
3.8050
3.8699
3.8745
3.8293
3.8353
3.8414
3.8435
3.8432
3.8390
3.8403
3.8392
3.8377
3.8359
3.8317
3.8050
3.7985
3.7938
3.7787
3.7503
3.8124
3.8020
3.7893
3.7850
3.7803
3.7752
3.7711
3.7702
3.7671
3.7714
3.7781
3.7852
3.7920
3.8067
3.8325
