2.5000 0.0000
2.5004 0.0000
2.5008 0.0000
2.5012 0.0000
2.5016 0.0000
2.5020 0.0000
2.5024 0.0000
2.5028 0.0000
2.5032 0.0000
2.5036 0.0000
2.5040 0.0000
2.5044 0.0000
2.5048 0.0000
2.5052 0.0000
2.5056 0.0000
2.5060 0.0000
2.5064 0.0000
2.5068 0.0000
2.5072 0.0000
2.5076 0.0000
2.5080 0.0000
2.5084 0.0000
2.5088 0.0000
2.5092 0.0000
2.5096 0.0000
2.5100 0.0000
2.5104 0.0000
2.5108 0.0000
2.5112 0.0000
2.5116 0.0000
2.5120 0.0000
2.5124 0.0000
2.5128 0.0000
2.5132 0.0000
2.5136 0.0000
2.5140 0.0000
2.5144 0.0000
2.5148 0.0000
2.5152 0.0000
2.5156 0.0000
2.5160 0.0000
2.5164 0.0000
2.5168 0.0000
2.5172 0.0000
2.5176 0.0000
2.5180 0.0000
2.5184 0.0000
2.5188 0.0000
2.5192 0.0000
2.5196 0.0000
2.5200 0.0000
2.5204 0.0000
2.5208 0.0000
2.5212 0.0000
2.5216 0.0000
2.5220 0.0000
2.5224 0.0000
2.5228 0.0000
2.5232 0.0000
2.5236 0.0000
2.5240 0.0000
2.5244 0.0000
2.5248 0.0000
2.5252 0.0000
2.5256 0.0000
2.5260 0.0000
2.5264 0.0000
2.5268 0.0000
2.5272 0.0000
2.5276 0.0000
2.5280 0.0000
2.5284 0.0000
2.5288 0.0000
2.5292 0.0000
2.5296 0.0000
2.5300 0.0000
2.5304 0.0000
2.5308 0.0000
2.5312 0.0000
2.5316 0.0000
2.5320 0.0000
2.5324 0.0000
2.5328 0.0000
2.5332 0.0000
2.5336 0.0000
2.5340 0.0000
2.5344 0.0000
2.5348 0.0000
2.5352 0.0000
2.5356 0.0000
2.5360 0.0000
2.5364 0.0000
2.5368 0.0000
2.5372 0.0000
2.5376 0.0000
2.5380 0.0000
2.5384 0.0000
2.5388 0.0000
2.5392 0.0000
2.5396 0.0000
2.5400 0.0000
2.5404 0.0000
2.5408 0.0000
2.5412 0.0000
2.5416 0.0000
2.5420 0.0000
2.5424 0.0000
2.5428 0.0000
2.5432 0.0000
2.5436 0.0000
2.5440 0.0000
2.5444 0.0000
2.5448 0.0000
2.5452 0.0000
2.5456 0.0000
2.5460 0.0000
2.5464 0.0000
2.5468 0.0000
2.5472 0.0000
2.5476 0.0000
2.5480 0.0000
2.5484 0.0000
2.5488 0.0000
2.5492 0.0000
2.5496 0.0000
2.5500 0.0000
2.5504 0.0000
2.5508 0.0000
2.5512 0.0000
2.5516 0.0000
2.5520 0.0000
2.5524 0.0000
2.5528 0.0000
2.5532 0.0000
2.5536 0.0000
2.5540 0.0000
2.5544 0.0000
2.5548 0.0000
2.5552 0.0000
2.5556 0.0000
2.5560 0.0000
2.5564 0.0000
2.5568 0.0000
2.5572 0.0000
2.5576 0.0000
2.5580 0.0000
2.5584 0.0000
2.5588 0.0000
2.5592 0.0000
2.5596 0.0000
2.5600 0.0000
2.5604 0.0000
2.5608 0.0000
2.5612 0.0000
2.5616 0.0000
2.5620 0.0000
2.5624 0.0000
2.5628 0.0000
2.5632 0.0000
2.5636 0.0000
2.5640 0.0000
2.5644 0.0000
2.5648 0.0000
2.5652 0.0000
2.5656 0.0000
2.5660 0.0000
2.5664 0.0000
2.5668 0.0000
2.5672 0.0000
2.5676 0.0000
2.5680 0.0000
2.5684 0.0000
2.5688 0.0000
2.5692 0.0000
2.5696 0.0000
2.5700 0.0000
2.5704 0.0000
2.5708 0.0000
2.5712 0.0000
2.5716 0.0000
2.5720 0.0000
2.5724 0.0000
2.5728 0.0000
2.5732 0.0000
2.5736 0.0000
2.5740 0.0000
2.5744 0.0000
2.5748 0.0000
2.5752 0.0000
2.5756 0.0000
2.5760 0.0000
2.5764 0.0000
2.5768 0.0000
2.5772 0.0000
2.5776 0.0000
2.5780 0.0000
2.5784 0.0000
2.5788 0.0000
2.5792 0.0000
2.5796 0.0000
2.5800 0.0000
2.5804 0.0000
2.5808 0.0000
2.5812 0.0000
2.5816 0.0000
2.5820 0.0000
2.5824 0.0000
2.5828 0.0000
2.5832 0.0000
2.5836 0.0000
2.5840 0.0000
2.5844 0.0000
2.5848 0.0000
2.5852 0.0000
2.5856 0.0000
2.5860 0.0000
2.5864 0.0000
2.5868 0.0000
2.5872 0.0000
2.5876 0.0000
2.5880 0.0000
2.5884 0.0000
2.5888 0.0000
2.5892 0.0000
2.5896 0.0000
2.5900 0.0000
2.5904 0.0000
2.5908 0.0000
2.5912 0.0000
2.5916 0.0000
2.5920 0.0000
2.5924 0.0000
2.5928 0.0000
2.5932 0.0000
2.5936 0.0000
2.5940 0.0000
2.5944 0.0000
2.5948 0.0000
2.5952 0.0000
2.5956 0.0000
2.5960 0.0000
2.5964 0.0000
2.5968 0.0000
2.5972 0.0000
2.5976 0.0000
2.5980 0.0000
2.5984 0.0000
2.5988 0.0000
2.5992 0.0000
2.5996 0.0000
2.6000 0.0000
2.6004 0.0000
2.6008 0.0000
2.6012 0.0000
2.6016 0.0000
2.6020 0.0000
2.6024 0.0000
2.6028 0.0000
2.6032 0.0000
2.6036 0.0000
2.6040 0.0000
2.6044 0.0000
2.6048 0.0000
2.6052 0.0000
2.6056 0.0000
2.6060 0.0000
2.6064 0.0000
2.6068 0.0000
2.6072 0.0000
2.6076 0.0000
2.6080 0.0000
2.6084 0.0000
2.6088 0.0000
2.6092 0.0000
2.6096 0.0000
2.6100 0.0000
2.6104 0.0000
2.6108 0.0000
2.6112 0.0000
2.6116 0.0000
2.6120 0.0000
2.6124 0.0000
2.6128 0.0000
2.6132 0.0000
2.6136 0.0000
2.6140 0.0000
2.6144 0.0000
2.6148 0.0000
2.6152 0.0000
2.6156 0.0000
2.6160 0.0000
2.6164 0.0000
2.6168 0.0000
2.6172 0.0000
2.6176 0.0000
2.6180 0.0000
2.6184 0.0000
2.6188 0.0000
2.6192 0.0000
2.6196 0.0000
2.6200 0.0000
2.6204 0.0000
2.6208 0.0000
2.6212 0.0000
2.6216 0.0000
2.6220 0.0000
2.6224 0.0000
2.6228 0.0000
2.6232 0.0000
2.6236 0.0000
2.6240 0.0000
2.6244 0.0000
2.6248 0.0000
2.6252 0.0000
2.6256 0.0000
2.6260 0.0000
2.6264 0.0000
2.6268 0.0000
2.6272 0.0000
2.6276 0.0000
2.6280 0.0000
2.6284 0.0000
2.6288 0.0000
2.6292 0.0000
2.6296 0.0000
2.6300 0.0000
2.6304 0.0000
2.6308 0.0000
2.6312 0.0000
2.6316 0.0000
2.6320 0.0000
2.6324 0.0000
2.6328 0.0000
2.6332 0.0000
2.6336 0.0000
2.6340 0.0000
2.6344 0.0000
2.6348 0.0000
2.6352 0.0000
2.6356 0.0000
2.6360 0.0000
2.6364 0.0000
2.6368 0.0000
2.6372 0.0000
2.6376 0.0000
2.6380 0.0000
2.6384 0.0000
2.6388 0.0000
2.6392 0.0000
2.6396 0.0000
2.6400 0.0000
2.6404 0.0000
2.6408 0.0000
2.6412 0.0000
2.6416 0.0000
2.6420 0.0000
2.6424 0.0000
2.6428 0.0000
2.6432 0.0000
2.6436 0.0000
2.6440 0.0000
2.6444 0.0000
2.6448 0.0000
2.6452 0.0000
2.6456 0.0000
2.6460 0.0000
2.6464 0.0000
2.6468 0.0000
2.6472 0.0000
2.6476 0.0000
2.6480 0.0000
2.6484 0.0000
2.6488 0.0000
2.6492 0.0000
2.6496 0.0000
2.6500 0.0000
2.6504 0.0000
2.6508 0.0000
2.6512 0.0000
2.6516 0.0000
2.6520 0.0000
2.6524 0.0000
2.6528 0.0000
2.6532 0.0000
2.6536 0.0000
2.6540 0.0000
2.6544 0.0000
2.6548 0.0000
2.6552 0.0000
2.6556 0.0000
2.6560 0.0000
2.6564 0.0000
2.6568 0.0000
2.6572 0.0000
2.6576 0.0000
2.6580 0.0000
2.6584 0.0000
2.6588 0.0000
2.6592 0.0000
2.6596 0.0000
2.6600 0.0000
2.6604 0.0000
2.6608 0.0000
2.6612 0.0000
2.6616 0.0000
2.6620 0.0000
2.6624 0.0000
2.6628 0.0000
2.6632 0.0000
2.6636 0.0000
2.6640 0.0000
2.6644 0.0000
2.6648 0.0000
2.6652 0.0000
2.6656 0.0000
2.6660 0.0000
2.6664 0.0000
2.6668 0.0000
2.6672 0.0000
2.6676 0.0000
2.6680 0.0000
2.6684 0.0000
2.6688 0.0000
2.6692 0.0000
2.6696 0.0000
2.6700 0.0000
2.6704 0.0000
2.6708 0.0000
2.6712 0.0000
2.6716 0.0000
2.6720 0.0000
2.6724 0.0000
2.6728 0.0000
2.6732 0.0000
2.6736 0.0000
2.6740 0.0000
2.6744 0.0000
2.6748 0.0000
2.6752 0.0000
2.6756 0.0000
2.6760 0.0000
2.6764 0.0000
2.6768 0.0000
2.6772 0.0000
2.6776 0.0000
2.6780 0.0000
2.6784 0.0000
2.6788 0.0000
2.6792 0.0000
2.6796 0.0000
2.6800 0.0000
2.6804 0.0000
2.6808 0.0000
2.6812 0.0000
2.6816 0.0000
2.6820 0.0000
2.6824 0.0000
2.6828 0.0000
2.6832 0.0000
2.6836 0.0000
2.6840 0.0000
2.6844 0.0000
2.6848 0.0000
2.6852 0.0000
2.6856 0.0000
2.6860 0.0000
2.6864 0.0000
2.6868 0.0000
2.6872 0.0000
2.6876 0.0000
2.6880 0.0000
2.6884 0.0000
2.6888 0.0000
2.6892 0.0000
2.6896 0.0000
2.6900 0.0000
2.6904 0.0000
2.6908 0.0000
2.6912 0.0000
2.6916 0.0000
2.6920 0.0000
2.6924 0.0000
2.6928 0.0000
2.6932 0.0000
2.6936 0.0000
2.6940 0.0000
2.6944 0.0000
2.6948 0.0000
2.6952 0.0000
2.6956 0.0000
2.6960 0.0000
2.6964 0.0000
2.6968 0.0000
2.6972 0.0000
2.6976 0.0000
2.6980 0.0000
2.6984 0.0000
2.6988 0.0000
2.6992 0.0000
2.6996 0.0000
2.7000 0.0000
2.7004 0.0000
2.7008 0.0000
2.7012 0.0000
2.7016 0.0000
2.7020 0.0000
2.7024 0.0000
2.7028 0.0000
2.7032 0.0000
2.7036 0.0000
2.7040 0.0000
2.7044 0.0000
2.7048 0.0000
2.7052 0.0000
2.7056 0.0000
2.7060 0.0000
2.7064 0.0000
2.7068 0.0000
2.7072 0.0000
2.7076 0.0000
2.7080 0.0000
2.7084 0.0000
2.7088 0.0000
2.7092 0.0000
2.7096 0.0000
2.7100 0.0000
2.7104 0.0000
2.7108 0.0000
2.7112 0.0000
2.7116 0.0000
2.7120 0.0000
2.7124 0.0000
2.7128 0.0000
2.7132 0.0000
2.7136 0.0000
2.7140 0.0000
2.7144 0.0000
2.7148 0.0000
2.7152 0.0000
2.7156 0.0000
2.7160 0.0000
2.7164 0.0000
2.7168 0.0000
2.7172 0.0000
2.7176 0.0000
2.7180 0.0000
2.7184 0.0000
2.7188 0.0000
2.7192 0.0000
2.7196 0.0000
2.7200 0.0000
2.7204 0.0000
2.7208 0.0000
2.7212 0.0000
2.7216 0.0000
2.7220 0.0000
2.7224 0.0000
2.7228 0.0000
2.7232 0.0000
2.7236 0.0000
2.7240 0.0000
2.7244 0.0000
2.7248 0.0000
2.7252 0.0000
2.7256 0.0000
2.7260 0.0000
2.7264 0.0000
2.7268 0.0000
2.7272 0.0000
2.7276 0.0000
2.7280 0.0000
2.7284 0.0000
2.7288 0.0000
2.7292 0.0000
2.7296 0.0000
2.7300 0.0000
2.7304 0.0000
2.7308 0.0000
2.7312 0.0000
2.7316 0.0000
2.7320 0.0000
2.7324 0.0000
2.7328 0.0000
2.7332 0.0000
2.7336 0.0000
2.7340 0.0000
2.7344 0.0000
2.7348 0.0000
2.7352 0.0000
2.7356 0.0000
2.7360 0.0000
2.7364 0.0000
2.7368 0.0000
2.7372 0.0000
2.7376 0.0000
2.7380 0.0000
2.7384 0.0000
2.7388 0.0000
2.7392 0.0000
2.7396 0.0000
2.7400 0.0000
2.7404 0.0000
2.7408 0.0000
2.7412 0.0000
2.7416 0.0000
2.7420 0.0000
2.7424 0.0000
2.7428 0.0000
2.7432 0.0000
2.7436 0.0000
2.7440 0.0000
2.7444 0.0000
2.7448 0.0000
2.7452 0.0000
2.7456 0.0000
2.7460 0.0000
2.7464 0.0000
2.7468 0.0000
2.7472 0.0000
2.7476 0.0000
2.7480 0.0000
2.7484 0.0000
2.7488 0.0000
2.7492 0.0000
2.7496 0.0000
2.7501 0.0000
2.7505 0.0000
2.7509 0.0000
2.7513 0.0000
2.7517 0.0000
2.7521 0.0000
2.7525 0.0000
2.7529 0.0000
2.7533 0.0000
2.7537 0.0000
2.7541 0.0000
2.7545 0.0000
2.7549 0.0000
2.7553 0.0000
2.7557 0.0000
2.7561 0.0000
2.7565 0.0000
2.7569 0.0000
2.7573 0.0000
2.7577 0.0000
2.7581 0.0000
2.7585 0.0000
2.7589 0.0000
2.7593 0.0000
2.7597 0.0000
2.7601 0.0000
2.7605 0.0000
2.7609 0.0000
2.7613 0.0000
2.7617 0.0000
2.7621 0.0000
2.7625 0.0000
2.7629 0.0000
2.7633 0.0000
2.7637 0.0000
2.7641 0.0000
2.7645 0.0000
2.7649 0.0000
2.7653 0.0000
2.7657 0.0000
2.7661 0.0000
2.7665 0.0000
2.7669 0.0000
2.7673 0.0000
2.7677 0.0000
2.7681 0.0000
2.7685 0.0000
2.7689 0.0000
2.7693 0.0000
2.7697 0.0000
2.7701 0.0000
2.7705 0.0000
2.7709 0.0000
2.7713 0.0000
2.7717 0.0000
2.7721 0.0000
2.7725 0.0000
2.7729 0.0000
2.7733 0.0000
2.7737 0.0000
2.7741 0.0000
2.7745 0.0000
2.7749 0.0000
2.7753 0.0000
2.7757 0.0000
2.7761 0.0000
2.7765 0.0000
2.7769 0.0000
2.7773 0.0000
2.7777 0.0000
2.7781 0.0000
2.7785 0.0000
2.7789 0.0000
2.7793 0.0000
2.7797 0.0000
2.7801 0.0000
2.7805 0.0000
2.7809 0.0000
2.7813 0.0000
2.7817 0.0000
2.7821 0.0000
2.7825 0.0000
2.7829 0.0000
2.7833 0.0000
2.7837 0.0000
2.7841 0.0000
2.7845 0.0000
2.7849 0.0000
2.7853 0.0000
2.7857 0.0000
2.7861 0.0000
2.7865 0.0000
2.7869 0.0000
2.7873 0.0000
2.7877 0.0000
2.7881 0.0000
2.7885 0.0000
2.7889 0.0000
2.7893 0.0000
2.7897 0.0000
2.7901 0.0000
2.7905 0.0000
2.7909 0.0000
2.7913 0.0000
2.7917 0.0000
2.7921 0.0000
2.7925 0.0000
2.7929 0.0000
2.7933 0.0000
2.7937 0.0000
2.7941 0.0000
2.7945 0.0000
2.7949 0.0000
2.7953 0.0000
2.7957 0.0000
2.7961 0.0000
2.7965 0.0000
2.7969 0.0000
2.7973 0.0000
2.7977 0.0000
2.7981 0.0000
2.7985 0.0000
2.7989 0.0000
2.7993 0.0000
2.7997 0.0000
2.8001 0.0000
2.8005 0.0000
2.8009 0.0000
2.8013 0.0000
2.8017 0.0000
2.8021 0.0000
2.8025 0.0000
2.8029 0.0000
2.8033 0.0000
2.8037 0.0000
2.8041 0.0000
2.8045 0.0000
2.8049 0.0000
2.8053 0.0000
2.8057 0.0000
2.8061 0.0000
2.8065 0.0000
2.8069 0.0000
2.8073 0.0000
2.8077 0.0000
2.8081 0.0000
2.8085 0.0000
2.8089 0.0000
2.8093 0.0000
2.8097 0.0000
2.8101 0.0000
2.8105 0.0000
2.8109 0.0000
2.8113 0.0000
2.8117 0.0000
2.8121 0.0000
2.8125 0.0000
2.8129 0.0000
2.8133 0.0000
2.8137 0.0000
2.8141 0.0000
2.8145 0.0000
2.8149 0.0000
2.8153 0.0000
2.8157 0.0000
2.8161 0.0000
2.8165 0.0000
2.8169 0.0000
2.8173 0.0000
2.8177 0.0000
2.8181 0.0000
2.8185 0.0000
2.8189 0.0000
2.8193 0.0000
2.8197 0.0000
2.8201 0.0000
2.8205 0.0000
2.8209 0.0000
2.8213 0.0000
2.8217 0.0000
2.8221 0.0000
2.8225 0.0000
2.8229 0.0000
2.8233 0.0000
2.8237 0.0000
2.8241 0.0000
2.8245 0.0000
2.8249 0.0000
2.8253 0.0000
2.8257 0.0000
2.8261 0.0000
2.8265 0.0000
2.8269 0.0000
2.8273 0.0000
2.8277 0.0000
2.8281 0.0000
2.8285 0.0000
2.8289 0.0000
2.8293 0.0000
2.8297 0.0000
2.8301 0.0000
2.8305 0.0000
2.8309 0.0000
2.8313 0.0000
2.8317 0.0000
2.8321 0.0000
2.8325 0.0000
2.8329 0.0000
2.8333 0.0000
2.8337 0.0000
2.8341 0.0000
2.8345 0.0000
2.8349 0.0000
2.8353 0.0000
2.8357 0.0000
2.8361 0.0000
2.8365 0.0000
2.8369 0.0000
2.8373 0.0000
2.8377 0.0000
2.8381 0.0000
2.8385 0.0000
2.8389 0.0000
2.8393 0.0000
2.8397 0.0000
2.8401 0.0000
2.8405 0.0000
2.8409 0.0000
2.8413 0.0000
2.8417 0.0000
2.8421 0.0000
2.8425 0.0000
2.8429 0.0000
2.8433 0.0000
2.8437 0.0000
2.8441 0.0000
2.8445 0.0000
2.8449 0.0000
2.8453 0.0000
2.8457 0.0000
2.8461 0.0000
2.8465 0.0000
2.8469 0.0000
2.8473 0.0000
2.8477 0.0000
2.8481 0.0000
2.8485 0.0000
2.8489 0.0000
2.8493 0.0000
2.8497 0.0000
2.8501 0.0000
2.8505 0.0000
2.8509 0.0000
2.8513 0.0000
2.8517 0.0000
2.8521 0.0000
2.8525 0.0000
2.8529 0.0000
2.8533 0.0000
2.8537 0.0000
2.8541 0.0000
2.8545 0.0000
2.8549 0.0000
2.8553 0.0000
2.8557 0.0000
2.8561 0.0000
2.8565 0.0000
2.8569 0.0000
2.8573 0.0000
2.8577 0.0000
2.8581 0.0000
2.8585 0.0000
2.8589 0.0000
2.8593 0.0000
2.8597 0.0000
2.8601 0.0000
2.8605 0.0000
2.8609 0.0000
2.8613 0.0000
2.8617 0.0000
2.8621 0.0000
2.8625 0.0000
2.8629 0.0000
2.8633 0.0000
2.8637 0.0000
2.8641 0.0000
2.8645 0.0000
2.8649 0.0000
2.8653 0.0000
2.8657 0.0000
2.8661 0.0000
2.8665 0.0000
2.8669 0.0000
2.8673 0.0000
2.8677 0.0000
2.8681 0.0000
2.8685 0.0000
2.8689 0.0000
2.8693 0.0000
2.8697 0.0000
2.8701 0.0000
2.8705 0.0000
2.8709 0.0000
2.8713 0.0000
2.8717 0.0000
2.8721 0.0000
2.8725 0.0000
2.8729 0.0000
2.8733 0.0000
2.8737 0.0000
2.8741 0.0000
2.8745 0.0000
2.8749 0.0000
2.8753 0.0000
2.8757 0.0000
2.8761 0.0000
2.8765 0.0000
2.8769 0.0000
2.8773 0.0000
2.8777 0.0000
2.8781 0.0000
2.8785 0.0000
2.8789 0.0000
2.8793 0.0000
2.8797 0.0000
2.8801 0.0000
2.8805 0.0000
2.8809 0.0000
2.8813 0.0000
2.8817 0.0000
2.8821 0.0000
2.8825 0.0000
2.8829 0.0000
2.8833 0.0000
2.8837 0.0000
2.8841 0.0000
2.8845 0.0000
2.8849 0.0000
2.8853 0.0000
2.8857 0.0000
2.8861 0.0000
2.8865 0.0000
2.8869 0.0000
2.8873 0.0000
2.8877 0.0000
2.8881 0.0000
2.8885 0.0000
2.8889 0.0000
2.8893 0.0000
2.8897 0.0000
2.8901 0.0000
2.8905 0.0000
2.8909 0.0000
2.8913 0.0000
2.8917 0.0000
2.8921 0.0000
2.8925 0.0000
2.8929 0.0000
2.8933 0.0000
2.8937 0.0000
2.8941 0.0000
2.8945 0.0000
2.8949 0.0000
2.8953 0.0000
2.8957 0.0000
2.8961 0.0000
2.8965 0.0000
2.8969 0.0000
2.8973 0.0000
2.8977 0.0000
2.8981 0.0000
2.8985 0.0000
2.8989 0.0000
2.8993 0.0000
2.8997 0.0000
2.9001 0.0000
2.9005 0.0000
2.9009 0.0000
2.9013 0.0000
2.9017 0.0000
2.9021 0.0000
2.9025 0.0000
2.9029 0.0000
2.9033 0.0000
2.9037 0.0000
2.9041 0.0000
2.9045 0.0000
2.9049 0.0000
2.9053 0.0000
2.9057 0.0000
2.9061 0.0000
2.9065 0.0000
2.9069 0.0000
2.9073 0.0000
2.9077 0.0000
2.9081 0.0000
2.9085 0.0000
2.9089 0.0000
2.9093 0.0000
2.9097 0.0000
2.9101 0.0000
2.9105 0.0000
2.9109 0.0000
2.9113 0.0000
2.9117 0.0000
2.9121 0.0000
2.9125 0.0000
2.9129 0.0000
2.9133 0.0000
2.9137 0.0000
2.9141 0.0000
2.9145 0.0000
2.9149 0.0000
2.9153 0.0000
2.9157 0.0000
2.9161 0.0000
2.9165 0.0000
2.9169 0.0000
2.9173 0.0000
2.9177 0.0000
2.9181 0.0000
2.9185 0.0000
2.9189 0.0000
2.9193 0.0000
2.9197 0.0000
2.9201 0.0000
2.9205 0.0000
2.9209 0.0000
2.9213 0.0000
2.9217 0.0000
2.9221 0.0000
2.9225 0.0000
2.9229 0.0000
2.9233 0.0000
2.9237 0.0000
2.9241 0.0000
2.9245 0.0000
2.9249 0.0000
2.9253 0.0000
2.9257 0.0000
2.9261 0.0000
2.9265 0.0000
2.9269 0.0000
2.9273 0.0000
2.9277 0.0000
2.9281 0.0000
2.9285 0.0000
2.9289 0.0000
2.9293 0.0000
2.9297 0.0000
2.9301 0.0000
2.9305 0.0000
2.9309 0.0000
2.9313 0.0000
2.9317 0.0000
2.9321 0.0000
2.9325 0.0000
2.9329 0.0000
2.9333 0.0000
2.9337 0.0000
2.9341 0.0000
2.9345 0.0000
2.9349 0.0000
2.9353 0.0000
2.9357 0.0000
2.9361 0.0000
2.9365 0.0000
2.9369 0.0000
2.9373 0.0000
2.9377 0.0000
2.9381 0.0000
2.9385 0.0000
2.9389 0.0000
2.9393 0.0000
2.9397 0.0000
2.9401 0.0000
2.9405 0.0000
2.9409 0.0000
2.9413 0.0000
2.9417 0.0000
2.9421 0.0000
2.9425 0.0000
2.9429 0.0000
2.9433 0.0000
2.9437 0.0000
2.9441 0.0000
2.9445 0.0000
2.9449 0.0000
2.9453 0.0000
2.9457 0.0000
2.9461 0.0000
2.9465 0.0000
2.9469 0.0000
2.9473 0.0000
2.9477 0.0000
2.9481 0.0000
2.9485 0.0000
2.9489 0.0000
2.9493 0.0000
2.9497 0.0000
2.9501 0.0000
2.9505 0.0000
2.9509 0.0000
2.9513 0.0000
2.9517 0.0000
2.9521 0.0000
2.9525 0.0000
2.9529 0.0000
2.9533 0.0000
2.9537 0.0000
2.9541 0.0000
2.9545 0.0000
2.9549 0.0000
2.9553 0.0000
2.9557 0.0000
2.9561 0.0000
2.9565 0.0000
2.9569 0.0000
2.9573 0.0000
2.9577 0.0000
2.9581 0.0000
2.9585 0.0000
2.9589 0.0000
2.9593 0.0000
2.9597 0.0000
2.9601 0.0000
2.9605 0.0000
2.9609 0.0000
2.9613 0.0000
2.9617 0.0000
2.9621 0.0000
2.9625 0.0000
2.9629 0.0000
2.9633 0.0000
2.9637 0.0000
2.9641 0.0000
2.9645 0.0000
2.9649 0.0000
2.9653 0.0000
2.9657 0.0000
2.9661 0.0000
2.9665 0.0000
2.9669 0.0000
2.9673 0.0000
2.9677 0.0000
2.9681 0.0000
2.9685 0.0000
2.9689 0.0000
2.9693 0.0000
2.9697 0.0000
2.9701 0.0000
2.9705 0.0000
2.9709 0.0000
2.9713 0.0000
2.9717 0.0000
2.9721 0.0000
2.9725 0.0000
2.9729 0.0000
2.9733 0.0000
2.9737 0.0000
2.9741 0.0000
2.9745 0.0000
2.9749 0.0000
2.9753 0.0000
2.9757 0.0000
2.9761 0.0000
2.9765 0.0000
2.9769 0.0000
2.9773 0.0000
2.9777 0.0000
2.9781 0.0000
2.9785 0.0000
2.9789 0.0000
2.9793 0.0000
2.9797 0.0000
2.9801 0.0000
2.9805 0.0000
2.9809 0.0000
2.9813 0.0000
2.9817 0.0000
2.9821 0.0000
2.9825 0.0000
2.9829 0.0000
2.9833 0.0000
2.9837 0.0000
2.9841 0.0000
2.9845 0.0000
2.9849 0.0000
2.9853 0.0000
2.9857 0.0000
2.9861 0.0000
2.9865 0.0000
2.9869 0.0000
2.9873 0.0000
2.9877 0.0000
2.9881 0.0000
2.9885 0.0000
2.9889 0.0000
2.9893 0.0000
2.9897 0.0000
2.9901 0.0000
2.9905 0.0000
2.9909 0.0000
2.9913 0.0000
2.9917 0.0000
2.9921 0.0000
2.9925 0.0000
2.9929 0.0000
2.9933 0.0000
2.9937 0.0000
2.9941 0.0000
2.9945 0.0000
2.9949 0.0000
2.9953 0.0000
2.9957 0.0000
2.9961 0.0000
2.9965 0.0000
2.9969 0.0000
2.9973 0.0000
2.9977 0.0000
2.9981 0.0000
2.9985 0.0000
2.9989 0.0000
2.9993 0.0000
2.9997 0.0000
3.0001 0.0000
3.0005 0.0000
3.0009 0.0000
3.0013 0.0000
3.0017 0.0000
3.0021 0.0000
3.0025 0.0000
3.0029 0.0000
3.0033 0.0000
3.0037 0.0000
3.0041 0.0000
3.0045 0.0000
3.0049 0.0000
3.0053 0.0000
3.0057 0.0000
3.0061 0.0000
3.0065 0.0000
3.0069 0.0000
3.0073 0.0000
3.0077 0.0000
3.0081 0.0000
3.0085 0.0000
3.0089 0.0000
3.0093 0.0000
3.0097 0.0000
3.0101 0.0000
3.0105 0.0000
3.0109 0.0000
3.0113 0.0000
3.0117 0.0000
3.0121 0.0000
3.0125 0.0000
3.0129 0.0000
3.0133 0.0000
3.0137 0.0000
3.0141 0.0000
3.0145 0.0000
3.0149 0.0000
3.0153 0.0000
3.0157 0.0000
3.0161 0.0000
3.0165 0.0000
3.0169 0.0000
3.0173 0.0000
3.0177 0.0000
3.0181 0.0000
3.0185 0.0000
3.0189 0.0000
3.0193 0.0000
3.0197 0.0000
3.0201 0.0000
3.0205 0.0000
3.0209 0.0000
3.0213 0.0000
3.0217 0.0000
3.0221 0.0000
3.0225 0.0000
3.0229 0.0000
3.0233 0.0000
3.0237 0.0000
3.0241 0.0000
3.0245 0.0000
3.0249 0.0000
3.0253 0.0000
3.0257 0.0000
3.0261 0.0000
3.0265 0.0000
3.0269 0.0000
3.0273 0.0000
3.0277 0.0000
3.0281 0.0000
3.0285 0.0000
3.0289 0.0000
3.0293 0.0000
3.0297 0.0000
3.0301 0.0000
3.0305 0.0000
3.0309 0.0000
3.0313 0.0000
3.0317 0.0000
3.0321 0.0000
3.0325 0.0000
3.0329 0.0000
3.0333 0.0000
3.0337 0.0000
3.0341 0.0000
3.0345 0.0000
3.0349 0.0000
3.0353 0.0000
3.0357 0.0000
3.0361 0.0000
3.0365 0.0000
3.0369 0.0000
3.0373 0.0000
3.0377 0.0000
3.0381 0.0000
3.0385 0.0000
3.0389 0.0000
3.0393 0.0000
3.0397 0.0000
3.0401 0.0000
3.0405 0.0000
3.0409 0.0000
3.0413 0.0000
3.0417 0.0000
3.0421 0.0000
3.0425 0.0000
3.0429 0.0000
3.0433 0.0000
3.0437 0.0000
3.0441 0.0000
3.0445 0.0000
3.0449 0.0000
3.0453 0.0000
3.0457 0.0000
3.0461 0.0000
3.0465 0.0000
3.0469 0.0000
3.0473 0.0000
3.0477 0.0000
3.0481 0.0000
3.0485 0.0000
3.0489 0.0000
3.0493 0.0000
3.0497 0.0000
3.0501 0.0000
3.0505 0.0000
3.0509 0.0000
3.0513 0.0000
3.0517 0.0000
3.0521 0.0000
3.0525 0.0000
3.0529 0.0000
3.0533 0.0000
3.0537 0.0000
3.0541 0.0000
3.0545 0.0000
3.0549 0.0000
3.0553 0.0000
3.0557 0.0000
3.0561 0.0000
3.0565 0.0000
3.0569 0.0000
3.0573 0.0000
3.0577 0.0000
3.0581 0.0000
3.0585 0.0000
3.0589 0.0000
3.0593 0.0000
3.0597 0.0000
3.0601 0.0000
3.0605 0.0000
3.0609 0.0000
3.0613 0.0000
3.0617 0.0000
3.0621 0.0000
3.0625 0.0000
3.0629 0.0000
3.0633 0.0000
3.0637 0.0000
3.0641 0.0000
3.0645 0.0000
3.0649 0.0000
3.0653 0.0000
3.0657 0.0000
3.0661 0.0000
3.0665 0.0000
3.0669 0.0000
3.0673 0.0000
3.0677 0.0000
3.0681 0.0000
3.0685 0.0000
3.0689 0.0000
3.0693 0.0000
3.0697 0.0000
3.0701 0.0000
3.0705 0.0000
3.0709 0.0000
3.0713 0.0000
3.0717 0.0000
3.0721 0.0000
3.0725 0.0000
3.0729 0.0000
3.0733 0.0000
3.0737 0.0000
3.0741 0.0000
3.0745 0.0000
3.0749 0.0000
3.0753 0.0000
3.0757 0.0000
3.0761 0.0000
3.0765 0.0000
3.0769 0.0000
3.0773 0.0000
3.0777 0.0000
3.0781 0.0000
3.0785 0.0000
3.0789 0.0000
3.0793 0.0000
3.0797 0.0000
3.0801 0.0000
3.0805 0.0000
3.0809 0.0000
3.0813 0.0000
3.0817 0.0000
3.0821 0.0000
3.0825 0.0000
3.0829 0.0000
3.0833 0.0000
3.0837 0.0000
3.0841 0.0000
3.0845 0.0000
3.0849 0.0000
3.0853 0.0000
3.0857 0.0000
3.0861 0.0000
3.0865 0.0000
3.0869 0.0000
3.0873 0.0000
3.0877 0.0000
3.0881 0.0000
3.0885 0.0000
3.0889 0.0000
3.0893 0.0000
3.0897 0.0000
3.0901 0.0000
3.0905 0.0000
3.0909 0.0000
3.0913 0.0000
3.0917 0.0000
3.0921 0.0000
3.0925 0.0000
3.0929 0.0000
3.0933 0.0000
3.0937 0.0000
3.0941 0.0000
3.0945 0.0000
3.0949 0.0000
3.0953 0.0000
3.0957 0.0000
3.0961 0.0000
3.0965 0.0000
3.0969 0.0000
3.0973 0.0000
3.0977 0.0000
3.0981 0.0000
3.0985 0.0000
3.0989 0.0000
3.0993 0.0000
3.0997 0.0000
3.1001 0.0000
3.1005 0.0000
3.1009 0.0000
3.1013 0.0000
3.1017 0.0000
3.1021 0.0000
3.1025 0.0000
3.1029 0.0000
3.1033 0.0000
3.1037 0.0000
3.1041 0.0000
3.1045 0.0000
3.1049 0.0000
3.1053 0.0000
3.1057 0.0000
3.1061 0.0000
3.1065 0.0000
3.1069 0.0000
3.1073 0.0000
3.1077 0.0000
3.1081 0.0000
3.1085 0.0000
3.1089 0.0000
3.1093 0.0000
3.1097 0.0000
3.1101 0.0000
3.1105 0.0000
3.1109 0.0000
3.1113 0.0000
3.1117 0.0000
3.1121 0.0000
3.1125 0.0000
3.1129 0.0000
3.1133 0.0000
3.1137 0.0000
3.1141 0.0000
3.1145 0.0000
3.1149 0.0000
3.1153 0.0000
3.1157 0.0000
3.1161 0.0000
3.1165 0.0000
3.1169 0.0000
3.1173 0.0000
3.1177 0.0000
3.1181 0.0000
3.1185 0.0000
3.1189 0.0000
3.1193 0.0000
3.1197 0.0000
3.1201 0.0000
3.1205 0.0000
3.1209 0.0000
3.1213 0.0000
3.1217 0.0000
3.1221 0.0000
3.1225 0.0000
3.1229 0.0000
3.1233 0.0000
3.1237 0.0000
3.1241 0.0000
3.1245 0.0000
3.1249 0.0000
3.1253 0.0000
3.1257 0.0000
3.1261 0.0000
3.1265 0.0000
3.1269 0.0000
3.1273 0.0000
3.1277 0.0000
3.1281 0.0000
3.1285 0.0000
3.1289 0.0000
3.1293 0.0000
3.1297 0.0000
3.1301 0.0000
3.1305 0.0000
3.1309 0.0000
3.1313 0.0000
3.1317 0.0000
3.1321 0.0000
3.1325 0.0000
3.1329 0.0000
3.1333 0.0000
3.1337 0.0000
3.1341 0.0000
3.1345 0.0000
3.1349 0.0000
3.1353 0.0000
3.1357 0.0000
3.1361 0.0000
3.1365 0.0000
3.1369 0.0000
3.1373 0.0000
3.1377 0.0000
3.1381 0.0000
3.1385 0.0000
3.1389 0.0000
3.1393 0.0000
3.1397 0.0000
3.1401 0.0000
3.1405 0.0000
3.1409 0.0000
3.1413 0.0000
3.1417 0.0000
3.1421 0.0000
3.1425 0.0000
3.1429 0.0000
3.1433 0.0000
3.1437 0.0000
3.1441 0.0000
3.1445 0.0000
3.1449 0.0000
3.1453 0.0000
3.1457 0.0000
3.1461 0.0000
3.1465 0.0000
3.1469 0.0000
3.1473 0.0000
3.1477 0.0000
3.1481 0.0000
3.1485 0.0000
3.1489 0.0000
3.1493 0.0000
3.1497 0.0000
3.1501 0.0000
3.1505 0.0000
3.1509 0.0000
3.1513 0.0000
3.1517 0.0000
3.1521 0.0000
3.1525 0.0000
3.1529 0.0000
3.1533 0.0000
3.1537 0.0000
3.1541 0.0000
3.1545 0.0000
3.1549 0.0000
3.1553 0.0000
3.1557 0.0000
3.1561 0.0000
3.1565 0.0000
3.1569 0.0000
3.1573 0.0000
3.1577 0.0000
3.1581 0.0000
3.1585 0.0000
3.1589 0.0000
3.1593 0.0000
3.1597 0.0000
3.1601 0.0000
3.1605 0.0000
3.1609 0.0000
3.1613 0.0000
3.1617 0.0000
3.1621 0.0000
3.1625 0.0000
3.1629 0.0000
3.1633 0.0000
3.1637 0.0000
3.1641 0.0000
3.1645 0.0000
3.1649 0.0000
3.1653 0.0000
3.1657 0.0000
3.1661 0.0000
3.1665 0.0000
3.1669 0.0000
3.1673 0.0000
3.1677 0.0000
3.1681 0.0000
3.1685 0.0000
3.1689 0.0000
3.1693 0.0000
3.1697 0.0000
3.1701 0.0000
3.1705 0.0000
3.1709 0.0000
3.1713 0.0000
3.1717 0.0000
3.1721 0.0000
3.1725 0.0000
3.1729 0.0000
3.1733 0.0000
3.1737 0.0000
3.1741 0.0000
3.1745 0.0000
3.1749 0.0000
3.1753 0.0000
3.1757 0.0000
3.1761 0.0064
3.1765 0.0064
3.1769 0.0064
3.1773 0.0064
3.1777 0.0064
3.1781 0.0064
3.1785 0.0064
3.1789 0.0064
3.1793 0.0064
3.1797 0.0064
3.1801 0.0064
3.1805 0.0064
3.1809 0.0064
3.1813 0.0064
3.1817 0.0064
3.1821 0.0064
3.1825 0.0064
3.1829 0.0064
3.1833 0.0064
3.1837 0.0064
3.1841 0.0064
3.1845 0.0064
3.1849 0.0064
3.1853 0.0064
3.1857 0.0064
3.1861 0.0064
3.1865 0.0064
3.1869 0.0064
3.1873 0.0064
3.1877 0.0064
3.1881 0.0064
3.1885 0.0064
3.1889 0.0064
3.1893 0.0064
3.1897 0.0064
3.1901 0.0064
3.1905 0.0064
3.1909 0.0064
3.1913 0.0064
3.1917 0.0064
3.1921 0.0064
3.1925 0.0064
3.1929 0.0064
3.1933 0.0064
3.1937 0.0064
3.1941 0.0064
3.1945 0.0128
3.1949 0.0128
3.1953 0.0128
3.1957 0.0128
3.1961 0.0128
3.1965 0.0128
3.1969 0.0128
3.1973 0.0128
3.1977 0.0128
3.1981 0.0128
3.1985 0.0128
3.1989 0.0128
3.1993 0.0128
3.1997 0.0128
3.2001 0.0128
3.2005 0.0128
3.2009 0.0128
3.2013 0.0128
3.2017 0.0128
3.2021 0.0128
3.2025 0.0128
3.2029 0.0128
3.2033 0.0192
3.2037 0.0192
3.2041 0.0192
3.2045 0.0192
3.2049 0.0192
3.2053 0.0192
3.2057 0.0192
3.2061 0.0192
3.2065 0.0192
3.2069 0.0192
3.2073 0.0192
3.2077 0.0192
3.2081 0.0192
3.2085 0.0192
3.2089 0.0192
3.2093 0.0256
3.2097 0.0256
3.2101 0.0256
3.2105 0.0256
3.2109 0.0256
3.2113 0.0256
3.2117 0.0256
3.2121 0.0256
3.2125 0.0256
3.2129 0.0256
3.2133 0.0256
3.2137 0.0256
3.2141 0.0320
3.2145 0.0320
3.2149 0.0320
3.2153 0.0320
3.2157 0.0320
3.2161 0.0320
3.2165 0.0320
3.2169 0.0320
3.2173 0.0320
3.2177 0.0320
3.2181 0.0384
3.2185 0.0384
3.2189 0.0384
3.2193 0.0384
3.2197 0.0384
3.2201 0.0384
3.2205 0.0384
3.2209 0.0384
3.2213 0.0448
3.2217 0.0448
3.2221 0.0448
3.2225 0.0448
3.2229 0.0448
3.2233 0.0448
3.2237 0.0448
3.2241 0.0512
3.2245 0.0512
3.2249 0.0512
3.2253 0.0512
3.2257 0.0512
3.2261 0.0512
3.2265 0.0576
3.2269 0.0576
3.2273 0.0576
3.2277 0.0576
3.2281 0.0576
3.2285 0.0576
3.2289 0.0640
3.2293 0.0640
3.2297 0.0640
3.2301 0.0640
3.2305 0.0640
3.2309 0.0704
3.2313 0.0704
3.2317 0.0704
3.2321 0.0704
3.2325 0.0704
3.2329 0.0768
3.2333 0.0768
3.2337 0.0768
3.2341 0.0768
3.2345 0.0768
3.2349 0.0832
3.2353 0.0832
3.2357 0.0832
3.2361 0.0832
3.2365 0.0896
3.2369 0.0896
3.2373 0.0896
3.2377 0.0896
3.2381 0.0960
3.2385 0.0960
3.2389 0.0960
3.2393 0.1024
3.2397 0.1024
3.2401 0.1024
3.2405 0.1024
3.2409 0.1088
3.2413 0.1088
3.2417 0.1088
3.2421 0.1152
3.2425 0.1152
3.2429 0.1152
3.2433 0.1216
3.2437 0.1216
3.2441 0.1216
3.2445 0.1280
3.2449 0.1280
3.2453 0.1280
3.2457 0.1344
3.2461 0.1344
3.2465 0.1344
3.2469 0.1408
3.2473 0.1408
3.2477 0.1472
3.2481 0.1472
3.2485 0.1472
3.2489 0.1536
3.2493 0.1536
3.2497 0.1600
3.2502 0.1600
3.2506 0.1664
3.2510 0.1664
3.2514 0.1664
3.2518 0.1728
3.2522 0.1728
3.2526 0.1792
3.2530 0.1792
3.2534 0.1856
3.2538 0.1856
3.2542 0.1920
3.2546 0.1920
3.2550 0.1984
3.2554 0.1984
3.2558 0.2048
3.2562 0.2048
3.2566 0.2112
3.2570 0.2112
3.2574 0.2176
3.2578 0.2176
3.2582 0.2240
3.2586 0.2240
3.2590 0.2304
3.2594 0.2368
3.2598 0.2368
3.2602 0.2432
3.2606 0.2432
3.2610 0.2496
3.2614 0.2560
3.2618 0.2560
3.2622 0.2624
3.2626 0.2688
3.2630 0.2688
3.2634 0.2752
3.2638 0.2816
3.2642 0.2816
3.2646 0.2880
3.2650 0.2944
3.2654 0.2944
3.2658 0.3008
3.2662 0.3072
3.2666 0.3072
3.2670 0.3136
3.2674 0.3200
3.2678 0.3264
3.2682 0.3328
3.2686 0.3328
3.2690 0.3392
3.2694 0.3456
3.2698 0.3520
3.2702 0.3520
3.2706 0.3584
3.2710 0.3648
3.2714 0.3712
3.2718 0.3776
3.2722 0.3840
3.2726 0.3904
3.2730 0.3904
3.2734 0.3968
3.2738 0.4032
3.2742 0.4096
3.2746 0.4160
3.2750 0.4224
3.2754 0.4288
3.2758 0.4352
3.2762 0.4416
3.2766 0.4480
3.2770 0.4544
3.2774 0.4608
3.2778 0.4672
3.2782 0.4736
3.2786 0.4800
3.2790 0.4864
3.2794 0.4928
3.2798 0.4992
3.2802 0.5056
3.2806 0.5120
3.2810 0.5184
3.2814 0.5248
3.2818 0.5376
3.2822 0.5440
3.2826 0.5504
3.2830 0.5568
3.2834 0.5632
3.2838 0.5696
3.2842 0.5824
3.2846 0.5888
3.2850 0.5952
3.2854 0.6016
3.2858 0.6080
3.2862 0.6208
3.2866 0.6272
3.2870 0.6336
3.2874 0.6464
3.2878 0.6528
3.2882 0.6592
3.2886 0.6720
3.2890 0.6784
3.2894 0.6848
3.2898 0.6976
3.2902 0.7040
3.2906 0.7104
3.2910 0.7232
3.2914 0.7296
3.2918 0.7424
3.2922 0.7488
3.2926 0.7552
3.2930 0.7680
3.2934 0.7744
3.2938 0.7872
3.2942 0.7936
3.2946 0.8064
3.2950 0.8128
3.2954 0.8256
3.2958 0.8384
3.2962 0.8448
3.2966 0.8576
3.2970 0.8640
3.2974 0.8768
3.2978 0.8896
3.2982 0.8960
3.2986 0.9088
3.2990 0.9216
3.2994 0.9280
3.2998 0.9408
3.3002 0.9536
3.3006 0.9600
3.3010 0.9728
3.3014 0.9856
3.3018 0.9984
3.3022 1.0048
3.3026 1.0176
3.3030 1.0304
3.3034 1.0432
3.3038 1.0560
3.3042 1.0624
3.3046 1.0752
3.3050 1.0880
3.3054 1.1008
3.3058 1.1136
3.3062 1.1264
3.3066 1.1392
3.3070 1.1520
3.3074 1.1648
3.3078 1.1776
3.3082 1.1904
3.3086 1.2032
3.3090 1.2160
3.3094 1.2288
3.3098 1.2416
3.3102 1.2544
3.3106 1.2672
3.3110 1.2800
3.3114 1.2928
3.3118 1.3056
3.3122 1.3184
3.3126 1.3312
3.3130 1.3440
3.3134 1.3568
3.3138 1.3760
3.3142 1.3888
3.3146 1.4016
3.3150 1.4144
3.3154 1.4272
3.3158 1.4464
3.3162 1.4592
3.3166 1.4720
3.3170 1.4848
3.3174 1.5040
3.3178 1.5168
3.3182 1.5296
3.3186 1.5424
3.3190 1.5616
3.3194 1.5744
3.3198 1.5872
3.3202 1.6064
3.3206 1.6192
3.3210 1.6384
3.3214 1.6512
3.3218 1.6640
3.3222 1.6832
3.3226 1.6960
3.3230 1.7152
3.3234 1.7280
3.3238 1.7472
3.3242 1.7600
3.3246 1.7792
3.3250 1.7920
3.3254 1.8112
3.3258 1.8240
3.3262 1.8432
3.3266 1.8560
3.3270 1.8752
3.3274 1.8880
3.3278 1.9072
3.3282 1.9264
3.3286 1.9392
3.3290 1.9584
3.3294 1.9712
3.3298 1.9904
3.3302 2.0096
3.3306 2.0224
3.3310 2.0416
3.3314 2.0608
3.3318 2.0736
3.3322 2.0928
3.3326 2.1120
3.3330 2.1248
3.3334 2.1440
3.3338 2.1632
3.3342 2.1824
3.3346 2.1952
3.3350 2.2144
3.3354 2.2336
3.3358 2.2528
3.3362 2.2656
3.3366 2.2848
3.3370 2.3040
3.3374 2.3232
3.3378 2.3424
3.3382 2.3616
3.3386 2.3744
3.3390 2.3936
3.3394 2.4128
3.3398 2.4320
3.3402 2.4512
3.3406 2.4704
3.3410 2.4896
3.3414 2.5024
3.3418 2.5216
3.3422 2.5408
3.3426 2.5600
3.3430 2.5792
3.3434 2.5984
3.3438 2.6176
3.3442 2.6368
3.3446 2.6560
3.3450 2.6752
3.3454 2.6944
3.3458 2.7136
3.3462 2.7328
3.3466 2.7520
3.3470 2.7712
3.3474 2.7904
3.3478 2.8032
3.3482 2.8224
3.3486 2.8416
3.3490 2.8608
3.3494 2.8800
3.3498 2.9056
3.3502 2.9248
3.3506 2.9440
3.3510 2.9632
3.3514 2.9824
3.3518 3.0016
3.3522 3.0208
3.3526 3.0400
3.3530 3.0592
3.3534 3.0784
3.3538 3.0976
3.3542 3.1168
3.3546 3.1360
3.3550 3.1552
3.3554 3.1744
3.3558 3.1936
3.3562 3.2128
3.3566 3.2320
3.3570 3.2512
3.3574 3.2704
3.3578 3.2960
3.3582 3.3152
3.3586 3.3344
3.3590 3.3536
3.3594 3.3728
3.3598 3.3920
3.3602 3.4112
3.3606 3.4304
3.3610 3.4496
3.3614 3.4688
3.3618 3.4880
3.3622 3.5072
3.3626 3.5328
3.3630 3.5520
3.3634 3.5712
3.3638 3.5904
3.3642 3.6096
3.3646 3.6288
3.3650 3.6480
3.3654 3.6672
3.3658 3.6864
3.3662 3.7056
3.3666 3.7312
3.3670 3.7504
3.3674 3.7696
3.3678 3.7888
3.3682 3.8080
3.3686 3.8272
3.3690 3.8464
3.3694 3.8656
3.3698 3.8848
3.3702 3.9040
3.3706 3.9296
3.3710 3.9488
3.3714 3.9680
3.3718 3.9872
3.3722 4.0064
3.3726 4.0256
3.3730 4.0448
3.3734 4.0640
3.3738 4.0832
3.3742 4.1024
3.3746 4.1280
3.3750 4.1472
3.3754 4.1664
3.3758 4.1856
3.3762 4.2048
3.3766 4.2240
3.3770 4.2432
3.3774 4.2624
3.3778 4.2816
3.3782 4.3008
3.3786 4.3200
3.3790 4.3392
3.3794 4.3648
3.3798 4.3840
3.3802 4.4032
3.3806 4.4224
3.3810 4.4416
3.3814 4.4608
3.3818 4.4800
3.3822 4.4992
3.3826 4.5184
3.3830 4.5376
3.3834 4.5568
3.3838 4.5760
3.3842 4.5952
3.3846 4.6144
3.3850 4.6336
3.3854 4.6528
3.3858 4.6784
3.3862 4.6976
3.3866 4.7168
3.3870 4.7360
3.3874 4.7552
3.3878 4.7744
3.3882 4.7936
3.3886 4.8128
3.3890 4.8320
3.3894 4.8512
3.3898 4.8704
3.3902 4.8896
3.3906 4.9088
3.3910 4.9280
3.3914 4.9472
3.3918 4.9664
3.3922 4.9856
3.3926 5.0048
3.3930 5.0240
3.3934 5.0432
3.3938 5.0624
3.3942 5.0880
3.3946 5.1072
3.3950 5.1264
3.3954 5.1456
3.3958 5.1648
3.3962 5.1840
3.3966 5.2032
3.3970 5.2224
3.3974 5.2416
3.3978 5.2608
3.3982 5.2800
3.3986 5.2992
3.3990 5.3184
3.3994 5.3376
3.3998 5.3568
3.4002 5.3760
3.4006 5.3952
3.4010 5.4144
3.4014 5.4336
3.4018 5.4592
3.4022 5.4784
3.4026 5.4976
3.4030 5.5168
3.4034 5.5360
3.4038 5.5552
3.4042 5.5744
3.4046 5.5936
3.4050 5.6128
3.4054 5.6320
3.4058 5.6512
3.4062 5.6704
3.4066 5.6960
3.4070 5.7152
3.4074 5.7344
3.4078 5.7536
3.4082 5.7728
3.4086 5.7920
3.4090 5.8112
3.4094 5.8304
3.4098 5.8560
3.4102 5.8752
3.4106 5.8944
3.4110 5.9136
3.4114 5.9328
3.4118 5.9520
3.4122 5.9776
3.4126 5.9968
3.4130 6.0160
3.4134 6.0352
3.4138 6.0544
3.4142 6.0736
3.4146 6.0992
3.4150 6.1184
3.4154 6.1376
3.4158 6.1568
3.4162 6.1824
3.4166 6.2016
3.4170 6.2208
3.4174 6.2400
3.4178 6.2656
3.4182 6.2848
3.4186 6.3040
3.4190 6.3296
3.4194 6.3488
3.4198 6.3680
3.4202 6.3936
3.4206 6.4128
3.4210 6.4320
3.4214 6.4576
3.4218 6.4768
3.4222 6.4960
3.4226 6.5216
3.4230 6.5408
3.4234 6.5664
3.4238 6.5856
3.4242 6.6048
3.4246 6.6304
3.4250 6.6496
3.4254 6.6752
3.4258 6.6944
3.4262 6.7200
3.4266 6.7392
3.4270 6.7648
3.4274 6.7840
3.4278 6.8096
3.4282 6.8288
3.4286 6.8544
3.4290 6.8736
3.4294 6.8992
3.4298 6.9248
3.4302 6.9440
3.4306 6.9696
3.4310 6.9952
3.4314 7.0144
3.4318 7.0400
3.4322 7.0656
3.4326 7.0848
3.4330 7.1104
3.4334 7.1360
3.4338 7.1552
3.4342 7.1808
3.4346 7.2064
3.4350 7.2320
3.4354 7.2512
3.4358 7.2768
3.4362 7.3024
3.4366 7.3280
3.4370 7.3536
3.4374 7.3792
3.4378 7.3984
3.4382 7.4240
3.4386 7.4496
3.4390 7.4752
3.4394 7.5008
3.4398 7.5264
3.4402 7.5520
3.4406 7.5776
3.4410 7.6032
3.4414 7.6288
3.4418 7.6544
3.4422 7.6800
3.4426 7.7056
3.4430 7.7312
3.4434 7.7568
3.4438 7.7824
3.4442 7.8080
3.4446 7.8336
3.4450 7.8656
3.4454 7.8912
3.4458 7.9168
3.4462 7.9424
3.4466 7.9680
3.4470 7.9936
3.4474 8.0256
3.4478 8.0512
3.4482 8.0768
3.4486 8.1024
3.4490 8.1344
3.4494 8.1600
3.4498 8.1856
3.4502 8.2176
3.4506 8.2432
3.4510 8.2688
3.4514 8.3008
3.4518 8.3264
3.4522 8.3584
3.4526 8.3840
3.4530 8.4096
3.4534 8.4416
3.4538 8.4672
3.4542 8.4992
3.4546 8.5248
3.4550 8.5568
3.4554 8.5824
3.4558 8.6144
3.4562 8.6400
3.4566 8.6720
3.4570 8.6976
3.4574 8.7296
3.4578 8.7616
3.4582 8.7872
3.4586 8.8192
3.4590 8.8448
3.4594 8.8768
3.4598 8.9088
3.4602 8.9344
3.4606 8.9664
3.4610 8.9984
3.4614 9.0240
3.4618 9.0560
3.4622 9.0880
3.4626 9.1136
3.4630 9.1456
3.4634 9.1776
3.4638 9.2096
3.4642 9.2352
3.4646 9.2672
3.4650 9.2992
3.4654 9.3312
3.4658 9.3632
3.4662 9.3888
3.4666 9.4208
3.4670 9.4528
3.4674 9.4848
3.4678 9.5168
3.4682 9.5424
3.4686 9.5744
3.4690 9.6064
3.4694 9.6384
3.4698 9.6704
3.4702 9.7024
3.4706 9.7344
3.4710 9.7664
3.4714 9.7920
3.4718 9.8240
3.4722 9.8560
3.4726 9.8880
3.4730 9.9200
3.4734 9.9520
3.4738 9.9840
3.4742 10.0160
3.4746 10.0480
3.4750 10.0800
3.4754 10.1056
3.4758 10.1376
3.4762 10.1696
3.4766 10.2016
3.4770 10.2336
3.4774 10.2656
3.4778 10.2976
3.4782 10.3296
3.4786 10.3616
3.4790 10.3936
3.4794 10.4256
3.4798 10.4576
3.4802 10.4832
3.4806 10.5152
3.4810 10.5472
3.4814 10.5792
3.4818 10.6112
3.4822 10.6432
3.4826 10.6752
3.4830 10.7072
3.4834 10.7392
3.4838 10.7712
3.4842 10.7968
3.4846 10.8288
3.4850 10.8608
3.4854 10.8928
3.4858 10.9248
3.4862 10.9568
3.4866 10.9888
3.4870 11.0144
3.4874 11.0464
3.4878 11.0784
3.4882 11.1104
3.4886 11.1424
3.4890 11.1680
3.4894 11.2000
3.4898 11.2320
3.4902 11.2640
3.4906 11.2896
3.4910 11.3216
3.4914 11.3536
3.4918 11.3792
3.4922 11.4112
3.4926 11.4432
3.4930 11.4752
3.4934 11.5008
3.4938 11.5328
3.4942 11.5584
3.4946 11.5904
3.4950 11.6224
3.4954 11.6480
3.4958 11.6800
3.4962 11.7056
3.4966 11.7376
3.4970 11.7632
3.4974 11.7952
3.4978 11.8208
3.4982 11.8528
3.4986 11.8784
3.4990 11.9104
3.4994 11.9360
3.4998 11.9680
3.5002 11.9936
3.5006 12.0192
3.5010 12.0512
3.5014 12.0768
3.5018 12.1024
3.5022 12.1280
3.5026 12.1600
3.5030 12.1856
3.5034 12.2112
3.5038 12.2368
3.5042 12.2624
3.5046 12.2944
3.5050 12.3200
3.5054 12.3456
3.5058 12.3712
3.5062 12.3968
3.5066 12.4224
3.5070 12.4480
3.5074 12.4736
3.5078 12.4992
3.5082 12.5248
3.5086 12.5504
3.5090 12.5760
3.5094 12.6016
3.5098 12.6208
3.5102 12.6464
3.5106 12.6720
3.5110 12.6976
3.5114 12.7168
3.5118 12.7424
3.5122 12.7680
3.5126 12.7936
3.5130 12.8128
3.5134 12.8384
3.5138 12.8576
3.5142 12.8832
3.5146 12.9024
3.5150 12.9280
3.5154 12.9472
3.5158 12.9728
3.5162 12.9920
3.5166 13.0176
3.5170 13.0368
3.5174 13.0560
3.5178 13.0816
3.5182 13.1008
3.5186 13.1200
3.5190 13.1392
3.5194 13.1584
3.5198 13.1840
3.5202 13.2032
3.5206 13.2224
3.5210 13.2416
3.5214 13.2608
3.5218 13.2800
3.5222 13.2992
3.5226 13.3184
3.5230 13.3376
3.5234 13.3568
3.5238 13.3760
3.5242 13.3888
3.5246 13.4080
3.5250 13.4272
3.5254 13.4464
3.5258 13.4656
3.5262 13.4784
3.5266 13.4976
3.5270 13.5168
3.5274 13.5296
3.5278 13.5488
3.5282 13.5616
3.5286 13.5808
3.5290 13.5936
3.5294 13.6128
3.5298 13.6256
3.5302 13.6448
3.5306 13.6576
3.5310 13.6704
3.5314 13.6896
3.5318 13.7024
3.5322 13.7152
3.5326 13.7344
3.5330 13.7472
3.5334 13.7600
3.5338 13.7728
3.5342 13.7856
3.5346 13.8048
3.5350 13.8176
3.5354 13.8304
3.5358 13.8432
3.5362 13.8560
3.5366 13.8688
3.5370 13.8816
3.5374 13.8944
3.5378 13.9072
3.5382 13.9200
3.5386 13.9264
3.5390 13.9392
3.5394 13.9520
3.5398 13.9648
3.5402 13.9776
3.5406 13.9840
3.5410 13.9968
3.5414 14.0096
3.5418 14.0224
3.5422 14.0288
3.5426 14.0416
3.5430 14.0544
3.5434 14.0608
3.5438 14.0736
3.5442 14.0800
3.5446 14.0928
3.5450 14.1056
3.5454 14.1120
3.5458 14.1248
3.5462 14.1312
3.5466 14.1440
3.5470 14.1504
3.5474 14.1568
3.5478 14.1696
3.5482 14.1760
3.5486 14.1888
3.5490 14.1952
3.5494 14.2016
3.5498 14.2144
3.5502 14.2208
3.5506 14.2272
3.5510 14.2400
3.5514 14.2464
3.5518 14.2528
3.5522 14.2656
3.5526 14.2720
3.5530 14.2784
3.5534 14.2848
3.5538 14.2976
3.5542 14.3040
3.5546 14.3104
3.5550 14.3168
3.5554 14.3296
3.5558 14.3360
3.5562 14.3424
3.5566 14.3488
3.5570 14.3552
3.5574 14.3680
3.5578 14.3744
3.5582 14.3808
3.5586 14.3872
3.5590 14.3936
3.5594 14.4064
3.5598 14.4128
3.5602 14.4192
3.5606 14.4256
3.5610 14.4320
3.5614 14.4384
3.5618 14.4512
3.5622 14.4576
3.5626 14.4640
3.5630 14.4704
3.5634 14.4768
3.5638 14.4896
3.5642 14.4960
3.5646 14.5024
3.5650 14.5088
3.5654 14.5152
3.5658 14.5280
3.5662 14.5344
3.5666 14.5408
3.5670 14.5472
3.5674 14.5600
3.5678 14.5664
3.5682 14.5728
3.5686 14.5856
3.5690 14.5920
3.5694 14.5984
3.5698 14.6112
3.5702 14.6176
3.5706 14.6240
3.5710 14.6368
3.5714 14.6432
3.5718 14.6496
3.5722 14.6624
3.5726 14.6688
3.5730 14.6816
3.5734 14.6880
3.5738 14.7008
3.5742 14.7072
3.5746 14.7200
3.5750 14.7328
3.5754 14.7392
3.5758 14.7520
3.5762 14.7584
3.5766 14.7712
3.5770 14.7840
3.5774 14.7968
3.5778 14.8032
3.5782 14.8160
3.5786 14.8288
3.5790 14.8416
3.5794 14.8544
3.5798 14.8672
3.5802 14.8800
3.5806 14.8864
3.5810 14.8992
3.5814 14.9184
3.5818 14.9312
3.5822 14.9440
3.5826 14.9568
3.5830 14.9696
3.5834 14.9824
3.5838 14.9952
3.5842 15.0144
3.5846 15.0272
3.5850 15.0400
3.5854 15.0592
3.5858 15.0720
3.5862 15.0912
3.5866 15.1040
3.5870 15.1232
3.5874 15.1360
3.5878 15.1552
3.5882 15.1744
3.5886 15.1872
3.5890 15.2064
3.5894 15.2256
3.5898 15.2448
3.5902 15.2640
3.5906 15.2832
3.5910 15.3024
3.5914 15.3216
3.5918 15.3408
3.5922 15.3600
3.5926 15.3792
3.5930 15.3984
3.5934 15.4240
3.5938 15.4432
3.5942 15.4624
3.5946 15.4880
3.5950 15.5072
3.5954 15.5328
3.5958 15.5520
3.5962 15.5776
3.5966 15.6032
3.5970 15.6224
3.5974 15.6480
3.5978 15.6736
3.5982 15.6992
3.5986 15.7248
3.5990 15.7504
3.5994 15.7760
3.5998 15.8016
3.6002 15.8336
3.6006 15.8592
3.6010 15.8848
3.6014 15.9168
3.6018 15.9424
3.6022 15.9744
3.6026 16.0000
3.6030 16.0320
3.6034 16.0640
3.6038 16.0896
3.6042 16.1216
3.6046 16.1536
3.6050 16.1856
3.6054 16.2176
3.6058 16.2496
3.6062 16.2816
3.6066 16.3200
3.6070 16.3520
3.6074 16.3840
3.6078 16.4224
3.6082 16.4544
3.6086 16.4928
3.6090 16.5312
3.6094 16.5632
3.6098 16.6016
3.6102 16.6400
3.6106 16.6784
3.6110 16.7168
3.6114 16.7552
3.6118 16.7936
3.6122 16.8320
3.6126 16.8704
3.6130 16.9152
3.6134 16.9536
3.6138 16.9984
3.6142 17.0368
3.6146 17.0816
3.6150 17.1264
3.6154 17.1648
3.6158 17.2096
3.6162 17.2544
3.6166 17.2992
3.6170 17.3440
3.6174 17.3952
3.6178 17.4400
3.6182 17.4848
3.6186 17.5360
3.6190 17.5808
3.6194 17.6320
3.6198 17.6768
3.6202 17.7280
3.6206 17.7792
3.6210 17.8240
3.6214 17.8752
3.6218 17.9264
3.6222 17.9776
3.6226 18.0352
3.6230 18.0864
3.6234 18.1376
3.6238 18.1952
3.6242 18.2464
3.6246 18.3040
3.6250 18.3552
3.6254 18.4128
3.6258 18.4704
3.6262 18.5280
3.6266 18.5856
3.6270 18.6432
3.6274 18.7008
3.6278 18.7584
3.6282 18.8160
3.6286 18.8736
3.6290 18.9376
3.6294 18.9952
3.6298 19.0592
3.6302 19.1232
3.6306 19.1808
3.6310 19.2448
3.6314 19.3088
3.6318 19.3728
3.6322 19.4368
3.6326 19.5008
3.6330 19.5648
3.6334 19.6352
3.6338 19.6992
3.6342 19.7632
3.6346 19.8336
3.6350 19.9040
3.6354 19.9680
3.6358 20.0384
3.6362 20.1088
3.6366 20.1792
3.6370 20.2496
3.6374 20.3200
3.6378 20.3904
3.6382 20.4608
3.6386 20.5312
3.6390 20.6080
3.6394 20.6784
3.6398 20.7552
3.6402 20.8256
3.6406 20.9024
3.6410 20.9792
3.6414 21.0560
3.6418 21.1328
3.6422 21.2096
3.6426 21.2864
3.6430 21.3632
3.6434 21.4400
3.6438 21.5168
3.6442 21.6000
3.6446 21.6768
3.6450 21.7600
3.6454 21.8368
3.6458 21.9200
3.6462 21.9968
3.6466 22.0800
3.6470 22.1632
3.6474 22.2464
3.6478 22.3296
3.6482 22.4128
3.6486 22.4960
3.6490 22.5856
3.6494 22.6688
3.6498 22.7520
3.6502 22.8416
3.6506 22.9248
3.6510 23.0144
3.6514 23.0976
3.6518 23.1872
3.6522 23.2768
3.6526 23.3664
3.6530 23.4496
3.6534 23.5392
3.6538 23.6288
3.6542 23.7248
3.6546 23.8144
3.6550 23.9040
3.6554 23.9936
3.6558 24.0896
3.6562 24.1792
3.6566 24.2688
3.6570 24.3648
3.6574 24.4608
3.6578 24.5504
3.6582 24.6464
3.6586 24.7424
3.6590 24.8384
3.6594 24.9280
3.6598 25.0240
3.6602 25.1200
3.6606 25.2160
3.6610 25.3184
3.6614 25.4144
3.6618 25.5104
3.6622 25.6064
3.6626 25.7088
3.6630 25.8048
3.6634 25.9008
3.6638 26.0032
3.6642 26.0992
3.6646 26.2016
3.6650 26.3040
3.6654 26.4000
3.6658 26.5024
3.6662 26.6048
3.6666 26.7072
3.6670 26.8096
3.6674 26.9056
3.6678 27.0080
3.6682 27.1104
3.6686 27.2192
3.6690 27.3216
3.6694 27.4240
3.6698 27.5264
3.6702 27.6288
3.6706 27.7312
3.6710 27.8400
3.6714 27.9424
3.6718 28.0448
3.6722 28.1536
3.6726 28.2560
3.6730 28.3648
3.6734 28.4672
3.6738 28.5760
3.6742 28.6784
3.6746 28.7872
3.6750 28.8960
3.6754 28.9984
3.6758 29.1072
3.6762 29.2160
3.6766 29.3248
3.6770 29.4272
3.6774 29.5360
3.6778 29.6448
3.6782 29.7536
3.6786 29.8624
3.6790 29.9712
3.6794 30.0800
3.6798 30.1888
3.6802 30.2912
3.6806 30.4000
3.6810 30.5088
3.6814 30.6240
3.6818 30.7328
3.6822 30.8416
3.6826 30.9504
3.6830 31.0592
3.6834 31.1680
3.6838 31.2768
3.6842 31.3856
3.6846 31.4944
3.6850 31.6096
3.6854 31.7184
3.6858 31.8272
3.6862 31.9360
3.6866 32.0448
3.6870 32.1536
3.6874 32.2688
3.6878 32.3776
3.6882 32.4864
3.6886 32.5952
3.6890 32.7040
3.6894 32.8192
3.6898 32.9280
3.6902 33.0368
3.6906 33.1456
3.6910 33.2608
3.6914 33.3696
3.6918 33.4784
3.6922 33.5872
3.6926 33.6960
3.6930 33.8112
3.6934 33.9200
3.6938 34.0288
3.6942 34.1376
3.6946 34.2464
3.6950 34.3552
3.6954 34.4704
3.6958 34.5792
3.6962 34.6880
3.6966 34.7968
3.6970 34.9056
3.6974 35.0144
3.6978 35.1232
3.6982 35.2320
3.6986 35.3408
3.6990 35.4496
3.6994 35.5584
3.6998 35.6672
3.7002 35.7760
3.7006 35.8848
3.7010 35.9936
3.7014 36.0960
3.7018 36.2048
3.7022 36.3136
3.7026 36.4224
3.7030 36.5312
3.7034 36.6336
3.7038 36.7424
3.7042 36.8512
3.7046 36.9536
3.7050 37.0624
3.7054 37.1648
3.7058 37.2736
3.7062 37.3760
3.7066 37.4848
3.7070 37.5872
3.7074 37.6960
3.7078 37.7984
3.7082 37.9008
3.7086 38.0032
3.7090 38.1120
3.7094 38.2144
3.7098 38.3168
3.7102 38.4192
3.7106 38.5216
3.7110 38.6240
3.7114 38.7264
3.7118 38.8288
3.7122 38.9312
3.7126 39.0336
3.7130 39.1360
3.7134 39.2320
3.7138 39.3344
3.7142 39.4368
3.7146 39.5328
3.7150 39.6352
3.7154 39.7312
3.7158 39.8336
3.7162 39.9296
3.7166 40.0256
3.7170 40.1280
3.7174 40.2240
3.7178 40.3200
3.7182 40.4160
3.7186 40.5120
3.7190 40.6080
3.7194 40.7040
3.7198 40.8000
3.7202 40.8960
3.7206 40.9920
3.7210 41.0880
3.7214 41.1776
3.7218 41.2736
3.7222 41.3632
3.7226 41.4592
3.7230 41.5488
3.7234 41.6448
3.7238 41.7344
3.7242 41.8240
3.7246 41.9136
3.7250 42.0096
3.7254 42.0992
3.7258 42.1888
3.7262 42.2720
3.7266 42.3616
3.7270 42.4512
3.7274 42.5408
3.7278 42.6304
3.7282 42.7136
3.7286 42.8032
3.7290 42.8864
3.7294 42.9760
3.7298 43.0592
3.7302 43.1424
3.7306 43.2256
3.7310 43.3152
3.7314 43.3984
3.7318 43.4816
3.7322 43.5648
3.7326 43.6416
3.7330 43.7248
3.7334 43.8080
3.7338 43.8912
3.7342 43.9680
3.7346 44.0512
3.7350 44.1280
3.7354 44.2048
3.7358 44.2880
3.7362 44.3648
3.7366 44.4416
3.7370 44.5184
3.7374 44.5952
3.7378 44.6720
3.7382 44.7488
3.7386 44.8256
3.7390 44.9024
3.7394 44.9728
3.7398 45.0496
3.7402 45.1264
3.7406 45.1968
3.7410 45.2672
3.7414 45.3440
3.7418 45.4144
3.7422 45.4848
3.7426 45.5552
3.7430 45.6256
3.7434 45.6960
3.7438 45.7664
3.7442 45.8368
3.7446 45.9072
3.7450 45.9712
3.7454 46.0416
3.7458 46.1120
3.7462 46.1760
3.7466 46.2400
3.7470 46.3104
3.7474 46.3744
3.7478 46.4384
3.7482 46.5024
3.7486 46.5664
3.7490 46.6304
3.7494 46.6944
3.7498 46.7584
3.7503 46.8224
3.7507 46.8864
3.7511 46.9440
3.7515 47.0080
3.7519 47.0720
3.7523 47.1296
3.7527 47.1872
3.7531 47.2512
3.7535 47.3088
3.7539 47.3664
3.7543 47.4240
3.7547 47.4816
3.7551 47.5392
3.7555 47.5968
3.7559 47.6544
3.7563 47.7120
3.7567 47.7696
3.7571 47.8208
3.7575 47.8784
3.7579 47.9360
3.7583 47.9872
3.7587 48.0448
3.7591 48.0960
3.7595 48.1472
3.7599 48.2048
3.7603 48.2560
3.7607 48.3072
3.7611 48.3584
3.7615 48.4096
3.7619 48.4608
3.7623 48.5120
3.7627 48.5632
3.7631 48.6080
3.7635 48.6592
3.7639 48.7104
3.7643 48.7616
3.7647 48.8064
3.7651 48.8576
3.7655 48.9024
3.7659 48.9536
3.7663 48.9984
3.7667 49.0432
3.7671 49.0880
3.7675 49.1392
3.7679 49.1840
3.7683 49.2288
3.7687 49.2736
3.7691 49.3184
3.7695 49.3632
3.7699 49.4080
3.7703 49.4528
3.7707 49.4976
3.7711 49.5360
3.7715 49.5808
3.7719 49.6256
3.7723 49.6640
3.7727 49.7088
3.7731 49.7536
3.7735 49.7920
3.7739 49.8368
3.7743 49.8752
3.7747 49.9136
3.7751 49.9584
3.7755 49.9968
3.7759 50.0352
3.7763 50.0800
3.7767 50.1184
3.7771 50.1568
3.7775 50.1952
3.7779 50.2336
3.7783 50.2720
3.7787 50.3104
3.7791 50.3488
3.7795 50.3872
3.7799 50.4256
3.7803 50.4640
3.7807 50.5024
3.7811 50.5344
3.7815 50.5728
3.7819 50.6112
3.7823 50.6496
3.7827 50.6816
3.7831 50.7200
3.7835 50.7584
3.7839 50.7904
3.7843 50.8288
3.7847 50.8608
3.7851 50.8992
3.7855 50.9312
3.7859 50.9696
3.7863 51.0016
3.7867 51.0400
3.7871 51.0720
3.7875 51.1040
3.7879 51.1424
3.7883 51.1744
3.7887 51.2064
3.7891 51.2384
3.7895 51.2768
3.7899 51.3088
3.7903 51.3408
3.7907 51.3728
3.7911 51.4048
3.7915 51.4432
3.7919 51.4752
3.7923 51.5072
3.7927 51.5392
3.7931 51.5712
3.7935 51.6032
3.7939 51.6352
3.7943 51.6672
3.7947 51.6992
3.7951 51.7312
3.7955 51.7632
3.7959 51.7952
3.7963 51.8272
3.7967 51.8592
3.7971 51.8912
3.7975 51.9232
3.7979 51.9552
3.7983 51.9872
3.7987 52.0192
3.7991 52.0448
3.7995 52.0768
3.7999 52.1088
3.8003 52.1408
3.8007 52.1728
3.8011 52.2048
3.8015 52.2368
3.8019 52.2624
3.8023 52.2944
3.8027 52.3264
3.8031 52.3584
3.8035 52.3904
3.8039 52.4160
3.8043 52.4480
3.8047 52.4800
3.8051 52.5120
3.8055 52.5376
3.8059 52.5696
3.8063 52.6016
3.8067 52.6336
3.8071 52.6592
3.8075 52.6912
3.8079 52.7232
3.8083 52.7552
3.8087 52.7808
3.8091 52.8128
3.8095 52.8448
3.8099 52.8768
3.8103 52.9024
3.8107 52.9344
3.8111 52.9664
3.8115 52.9984
3.8119 53.0240
3.8123 53.0560
3.8127 53.0880
3.8131 53.1200
3.8135 53.1456
3.8139 53.1776
3.8143 53.2096
3.8147 53.2416
3.8151 53.2672
3.8155 53.2992
3.8159 53.3312
3.8163 53.3632
3.8167 53.3888
3.8171 53.4208
3.8175 53.4528
3.8179 53.4848
3.8183 53.5104
3.8187 53.5424
3.8191 53.5744
3.8195 53.6064
3.8199 53.6384
3.8203 53.6640
3.8207 53.6960
3.8211 53.7280
3.8215 53.7600
3.8219 53.7920
3.8223 53.8176
3.8227 53.8496
3.8231 53.8816
3.8235 53.9136
3.8239 53.9456
3.8243 53.9776
3.8247 54.0096
3.8251 54.0352
3.8255 54.0672
3.8259 54.0992
3.8263 54.1312
3.8267 54.1632
3.8271 54.1952
3.8275 54.2272
3.8279 54.2592
3.8283 54.2912
3.8287 54.3232
3.8291 54.3552
3.8295 54.3872
3.8299 54.4192
3.8303 54.4512
3.8307 54.4832
3.8311 54.5152
3.8315 54.5472
3.8319 54.5792
3.8323 54.6112
3.8327 54.6432
3.8331 54.6752
3.8335 54.7072
3.8339 54.7392
3.8343 54.7712
3.8347 54.8032
3.8351 54.8352
3.8355 54.8672
3.8359 54.8992
3.8363 54.9312
3.8367 54.9632
3.8371 55.0016
3.8375 55.0336
3.8379 55.0656
3.8383 55.0976
3.8387 55.1296
3.8391 55.1616
3.8395 55.2000
3.8399 55.2320
3.8403 55.2640
3.8407 55.2960
3.8411 55.3280
3.8415 55.3664
3.8419 55.3984
3.8423 55.4304
3.8427 55.4688
3.8431 55.5008
3.8435 55.5328
3.8439 55.5648
3.8443 55.6032
3.8447 55.6352
3.8451 55.6672
3.8455 55.7056
3.8459 55.7376
3.8463 55.7760
3.8467 55.8080
3.8471 55.8400
3.8475 55.8784
3.8479 55.9104
3.8483 55.9488
3.8487 55.9808
3.8491 56.0192
3.8495 56.0512
3.8499 56.0896
3.8503 56.1216
3.8507 56.1600
3.8511 56.1920
3.8515 56.2304
3.8519 56.2624
3.8523 56.3008
3.8527 56.3328
3.8531 56.3712
3.8535 56.4096
3.8539 56.4416
3.8543 56.4800
3.8547 56.5184
3.8551 56.5504
3.8555 56.5888
3.8559 56.6272
3.8563 56.6592
3.8567 56.6976
3.8571 56.7360
3.8575 56.7744
3.8579 56.8064
3.8583 56.8448
3.8587 56.8832
3.8591 56.9216
3.8595 56.9600
3.8599 56.9920
3.8603 57.0304
3.8607 57.0688
3.8611 57.1072
3.8615 57.1456
3.8619 57.1840
3.8623 57.2224
3.8627 57.2608
3.8631 57.2992
3.8635 57.3376
3.8639 57.3760
3.8643 57.4144
3.8647 57.4528
3.8651 57.4912
3.8655 57.5296
3.8659 57.5680
3.8663 57.6064
3.8667 57.6448
3.8671 57.6832
3.8675 57.7216
3.8679 57.7664
3.8683 57.8048
3.8687 57.8432
3.8691 57.8816
3.8695 57.9200
3.8699 57.9648
3.8703 58.0032
3.8707 58.0416
3.8711 58.0800
3.8715 58.1248
3.8719 58.1632
3.8723 58.2080
3.8727 58.2464
3.8731 58.2848
3.8735 58.3296
3.8739 58.3680
3.8743 58.4128
3.8747 58.4512
3.8751 58.4960
3.8755 58.5344
3.8759 58.5792
3.8763 58.6176
3.8767 58.6624
3.8771 58.7008
3.8775 58.7456
3.8779 58.7904
3.8783 58.8288
3.8787 58.8736
3.8791 58.9184
3.8795 58.9568
3.8799 59.0016
3.8803 59.0464
3.8807 59.0912
3.8811 59.1296
3.8815 59.1744
3.8819 59.2192
3.8823 59.2640
3.8827 59.3088
3.8831 59.3536
3.8835 59.3984
3.8839 59.4432
3.8843 59.4880
3.8847 59.5328
3.8851 59.5776
3.8855 59.6224
3.8859 59.6672
3.8863 59.7120
3.8867 59.7568
3.8871 59.8016
3.8875 59.8464
3.8879 59.8976
3.8883 59.9424
3.8887 59.9872
3.8891 60.0320
3.8895 60.0832
3.8899 60.1280
3.8903 60.1728
3.8907 60.2240
3.8911 60.2688
3.8915 60.3136
3.8919 60.3648
3.8923 60.4096
3.8927 60.4608
3.8931 60.5056
3.8935 60.5568
3.8939 60.6016
3.8943 60.6528
3.8947 60.7040
3.8951 60.7488
3.8955 60.8000
3.8959 60.8512
3.8963 60.8960
3.8967 60.9472
3.8971 60.9984
3.8975 61.0496
3.8979 61.1008
3.8983 61.1520
3.8987 61.1968
3.8991 61.2480
3.8995 61.2992
3.8999 61.3504
3.9003 61.4016
3.9007 61.4528
3.9011 61.5040
3.9015 61.5616
3.9019 61.6128
3.9023 61.6640
3.9027 61.7152
3.9031 61.7664
3.9035 61.8176
3.9039 61.8752
3.9043 61.9264
3.9047 61.9776
3.9051 62.0352
3.9055 62.0864
3.9059 62.1440
3.9063 62.1952
3.9067 62.2528
3.9071 62.3040
3.9075 62.3616
3.9079 62.4128
3.9083 62.4704
3.9087 62.5216
3.9091 62.5792
3.9095 62.6368
3.9099 62.6944
3.9103 62.7456
3.9107 62.8032
3.9111 62.8608
3.9115 62.9184
3.9119 62.9760
3.9123 63.0336
3.9127 63.0912
3.9131 63.1488
3.9135 63.2064
3.9139 63.2640
3.9143 63.3216
3.9147 63.3792
3.9151 63.4368
3.9155 63.4944
3.9159 63.5584
3.9163 63.6160
3.9167 63.6736
3.9171 63.7312
3.9175 63.7952
3.9179 63.8528
3.9183 63.9168
3.9187 63.9744
3.9191 64.0384
3.9195 64.0960
3.9199 64.1600
3.9203 64.2176
3.9207 64.2816
3.9211 64.3456
3.9215 64.4032
3.9219 64.4672
3.9223 64.5312
3.9227 64.5952
3.9231 64.6592
3.9235 64.7232
3.9239 64.7872
3.9243 64.8512
3.9247 64.9152
3.9251 64.9792
3.9255 65.0432
3.9259 65.1072
3.9263 65.1712
3.9267 65.2352
3.9271 65.2992
3.9275 65.3696
3.9279 65.4336
3.9283 65.4976
3.9287 65.5680
3.9291 65.6320
3.9295 65.7024
3.9299 65.7664
3.9303 65.8368
3.9307 65.9008
3.9311 65.9712
3.9315 66.0416
3.9319 66.1056
3.9323 66.1760
3.9327 66.2464
3.9331 66.3168
3.9335 66.3872
3.9339 66.4576
3.9343 66.5280
3.9347 66.5984
3.9351 66.6688
3.9355 66.7392
3.9359 66.8096
3.9363 66.8800
3.9367 66.9504
3.9371 67.0272
3.9375 67.0976
3.9379 67.1680
3.9383 67.2448
3.9387 67.3152
3.9391 67.3920
3.9395 67.4624
3.9399 67.5392
3.9403 67.6160
3.9407 67.6864
3.9411 67.7632
3.9415 67.8400
3.9419 67.9168
3.9423 67.9872
3.9427 68.0640
3.9431 68.1408
3.9435 68.2176
3.9439 68.2944
3.9443 68.3776
3.9447 68.4544
3.9451 68.5312
3.9455 68.6080
3.9459 68.6912
3.9463 68.7680
3.9467 68.8448
3.9471 68.9280
3.9475 69.0048
3.9479 69.0880
3.9483 69.1648
3.9487 69.2480
3.9491 69.3312
3.9495 69.4144
3.9499 69.4976
3.9503 69.5744
3.9507 69.6576
3.9511 69.7408
3.9515 69.8240
3.9519 69.9136
3.9523 69.9968
3.9527 70.0800
3.9531 70.1632
3.9535 70.2528
3.9539 70.3360
3.9543 70.4192
3.9547 70.5088
3.9551 70.5984
3.9555 70.6816
3.9559 70.7712
3.9563 70.8608
3.9567 70.9440
3.9571 71.0336
3.9575 71.1232
3.9579 71.2128
3.9583 71.3024
3.9587 71.3984
3.9591 71.4880
3.9595 71.5776
3.9599 71.6672
3.9603 71.7632
3.9607 71.8528
3.9611 71.9488
3.9615 72.0384
3.9619 72.1344
3.9623 72.2304
3.9627 72.3200
3.9631 72.4160
3.9635 72.5120
3.9639 72.6080
3.9643 72.7040
3.9647 72.8064
3.9651 72.9024
3.9655 72.9984
3.9659 73.0944
3.9663 73.1968
3.9667 73.2928
3.9671 73.3952
3.9675 73.4976
3.9679 73.5936
3.9683 73.6960
3.9687 73.7984
3.9691 73.9008
3.9695 74.0032
3.9699 74.1056
3.9703 74.2080
3.9707 74.3168
3.9711 74.4192
3.9715 74.5280
3.9719 74.6304
3.9723 74.7392
3.9727 74.8416
3.9731 74.9504
3.9735 75.0592
3.9739 75.1680
3.9743 75.2768
3.9747 75.3856
3.9751 75.4944
3.9755 75.6096
3.9759 75.7184
3.9763 75.8336
3.9767 75.9424
3.9771 76.0576
3.9775 76.1664
3.9779 76.2816
3.9783 76.3968
3.9787 76.5120
3.9791 76.6272
3.9795 76.7488
3.9799 76.8640
3.9803 76.9792
3.9807 77.1008
3.9811 77.2160
3.9815 77.3376
3.9819 77.4592
3.9823 77.5808
3.9827 77.7024
3.9831 77.8240
3.9835 77.9456
3.9839 78.0672
3.9843 78.1952
3.9847 78.3168
3.9851 78.4448
3.9855 78.5664
3.9859 78.6944
3.9863 78.8224
3.9867 78.9504
3.9871 79.0784
3.9875 79.2128
3.9879 79.3408
3.9883 79.4688
3.9887 79.6032
3.9891 79.7376
3.9895 79.8656
3.9899 80.0000
3.9903 80.1344
3.9907 80.2752
3.9911 80.4096
3.9915 80.5440
3.9919 80.6848
3.9923 80.8192
3.9927 80.9600
3.9931 81.1008
3.9935 81.2416
3.9939 81.3824
3.9943 81.5232
3.9947 81.6640
3.9951 81.8112
3.9955 81.9520
3.9959 82.0992
3.9963 82.2464
3.9967 82.3936
3.9971 82.5408
3.9975 82.6880
3.9979 82.8352
3.9983 82.9888
3.9987 83.1360
3.9991 83.2896
3.9995 83.4432
3.9999 83.5968
4.0003 83.7504
4.0007 83.9040
4.0011 84.0640
4.0015 84.2176
4.0019 84.3776
4.0023 84.5312
4.0027 84.6912
4.0031 84.8512
4.0035 85.0176
4.0039 85.1776
4.0043 85.3376
4.0047 85.5040
4.0051 85.6704
4.0055 85.8368
4.0059 86.0032
4.0063 86.1696
4.0067 86.3360
4.0071 86.5024
4.0075 86.6752
4.0079 86.8480
4.0083 87.0208
4.0087 87.1936
4.0091 87.3664
4.0095 87.5392
4.0099 87.7184
4.0103 87.8912
4.0107 88.0704
4.0111 88.2496
4.0115 88.4288
4.0119 88.6080
4.0123 88.7936
4.0127 88.9728
4.0131 89.1584
4.0135 89.3440
4.0139 89.5296
4.0143 89.7152
4.0147 89.9008
4.0151 90.0928
4.0155 90.2784
4.0159 90.4704
4.0163 90.6624
4.0167 90.8544
4.0171 91.0464
4.0175 91.2448
4.0179 91.4368
4.0183 91.6352
4.0187 91.8336
4.0191 92.0320
4.0195 92.2304
4.0199 92.4288
4.0203 92.6336
4.0207 92.8384
4.0211 93.0432
4.0215 93.2480
4.0219 93.4528
4.0223 93.6576
4.0227 93.8688
4.0231 94.0736
4.0235 94.2848
4.0239 94.4960
4.0243 94.7072
4.0247 94.9248
4.0251 95.1360
4.0255 95.3536
4.0259 95.5712
4.0263 95.7888
4.0267 96.0064
4.0271 96.2304
4.0275 96.4480
4.0279 96.6720
4.0283 96.8960
4.0287 97.1200
4.0291 97.3440
4.0295 97.5680
4.0299 97.7984
4.0303 98.0288
4.0307 98.2592
4.0311 98.4896
4.0315 98.7200
4.0319 98.9504
4.0323 99.1872
4.0327 99.4240
4.0331 99.6608
4.0335 99.8976
4.0339 100.1344
4.0343 100.3776
4.0347 100.6144
4.0351 100.8576
4.0355 101.1008
4.0359 101.3440
4.0363 101.5936
4.0367 101.8368
4.0371 102.0864
4.0375 102.3360
4.0379 102.5856
4.0383 102.8352
4.0387 103.0848
4.0391 103.3408
4.0395 103.5968
4.0399 103.8528
4.0403 104.1088
4.0407 104.3648
4.0411 104.6208
4.0415 104.8832
4.0419 105.1456
4.0423 105.4080
4.0427 105.6704
4.0431 105.9328
4.0435 106.2016
4.0439 106.4640
4.0443 106.7328
4.0447 107.0016
4.0451 107.2704
4.0455 107.5456
4.0459 107.8144
4.0463 108.0896
4.0467 108.3648
4.0471 108.6400
4.0475 108.9152
4.0479 109.1904
4.0483 109.4720
4.0487 109.7472
4.0491 110.0288
4.0495 110.3104
4.0499 110.5920
4.0503 110.8800
4.0507 111.1616
4.0511 111.4496
4.0515 111.7376
4.0519 112.0256
4.0523 112.3136
4.0527 112.6016
4.0531 112.8960
4.0535 113.1904
4.0539 113.4784
4.0543 113.7728
4.0547 114.0736
4.0551 114.3680
4.0555 114.6624
4.0559 114.9632
4.0563 115.2640
4.0567 115.5648
4.0571 115.8656
4.0575 116.1664
4.0579 116.4672
4.0583 116.7744
4.0587 117.0816
4.0591 117.3888
4.0595 117.6960
4.0599 118.0032
4.0603 118.3104
4.0607 118.6240
4.0611 118.9312
4.0615 119.2448
4.0619 119.5584
4.0623 119.8720
4.0627 120.1856
4.0631 120.5056
4.0635 120.8192
4.0639 121.1392
4.0643 121.4528
4.0647 121.7728
4.0651 122.0928
4.0655 122.4192
4.0659 122.7392
4.0663 123.0592
4.0667 123.3856
4.0671 123.7120
4.0675 124.0320
4.0679 124.3584
4.0683 124.6848
4.0687 125.0176
4.0691 125.3440
4.0695 125.6704
4.0699 126.0032
4.0703 126.3360
4.0707 126.6688
4.0711 127.0016
4.0715 127.3344
4.0719 127.6672
4.0723 128.0000
4.0727 128.3328
4.0731 128.6720
4.0735 129.0112
4.0739 129.3440
4.0743 129.6832
4.0747 130.0224
4.0751 130.3616
4.0755 130.7008
4.0759 131.0464
4.0763 131.3856
4.0767 131.7248
4.0771 132.0704
4.0775 132.4096
4.0779 132.7552
4.0783 133.1008
4.0787 133.4464
4.0791 133.7920
4.0795 134.1376
4.0799 134.4832
4.0803 134.8288
4.0807 135.1808
4.0811 135.5264
4.0815 135.8720
4.0819 136.2240
4.0823 136.5760
4.0827 136.9216
4.0831 137.2736
4.0835 137.6256
4.0839 137.9776
4.0843 138.3296
4.0847 138.6816
4.0851 139.0336
4.0855 139.3856
4.0859 139.7376
4.0863 140.0896
4.0867 140.4480
4.0871 140.8000
4.0875 141.1520
4.0879 141.5104
4.0883 141.8624
4.0887 142.2208
4.0891 142.5728
4.0895 142.9312
4.0899 143.2832
4.0903 143.6416
4.0907 144.0000
4.0911 144.3520
4.0915 144.7104
4.0919 145.0688
4.0923 145.4272
4.0927 145.7792
4.0931 146.1376
4.0935 146.4960
4.0939 146.8544
4.0943 147.2128
4.0947 147.5648
4.0951 147.9232
4.0955 148.2816
4.0959 148.6400
4.0963 148.9984
4.0967 149.3568
4.0971 149.7088
4.0975 150.0672
4.0979 150.4256
4.0983 150.7840
4.0987 151.1424
4.0991 151.4944
4.0995 151.8528
4.0999 152.2112
4.1003 152.5632
4.1007 152.9216
4.1011 153.2800
4.1015 153.6320
4.1019 153.9904
4.1023 154.3424
4.1027 154.7008
4.1031 155.0528
4.1035 155.4112
4.1039 155.7632
4.1043 156.1152
4.1047 156.4672
4.1051 156.8256
4.1055 157.1776
4.1059 157.5296
4.1063 157.8816
4.1067 158.2336
4.1071 158.5792
4.1075 158.9312
4.1079 159.2832
4.1083 159.6288
4.1087 159.9808
4.1091 160.3264
4.1095 160.6784
4.1099 161.0240
4.1103 161.3696
4.1107 161.7152
4.1111 162.0608
4.1115 162.4064
4.1119 162.7520
4.1123 163.0976
4.1127 163.4368
4.1131 163.7824
4.1135 164.1216
4.1139 164.4608
4.1143 164.8000
4.1147 165.1392
4.1151 165.4784
4.1155 165.8176
4.1159 166.1504
4.1163 166.4896
4.1167 166.8224
4.1171 167.1552
4.1175 167.4880
4.1179 167.8208
4.1183 168.1536
4.1187 168.4864
4.1191 168.8128
4.1195 169.1456
4.1199 169.4720
4.1203 169.7984
4.1207 170.1184
4.1211 170.4448
4.1215 170.7712
4.1219 171.0912
4.1223 171.4112
4.1227 171.7312
4.1231 172.0512
4.1235 172.3712
4.1239 172.6848
4.1243 172.9984
4.1247 173.3120
4.1251 173.6256
4.1255 173.9392
4.1259 174.2464
4.1263 174.5600
4.1267 174.8672
4.1271 175.1680
4.1275 175.4752
4.1279 175.7760
4.1283 176.0832
4.1287 176.3840
4.1291 176.6848
4.1295 176.9792
4.1299 177.2736
4.1303 177.5680
4.1307 177.8624
4.1311 178.1568
4.1315 178.4448
4.1319 178.7392
4.1323 179.0272
4.1327 179.3088
4.1331 179.5968
4.1335 179.8784
4.1339 180.1600
4.1343 180.4352
4.1347 180.7168
4.1351 180.9920
4.1355 181.2672
4.1359 181.5424
4.1363 181.8112
4.1367 182.0800
4.1371 182.3488
4.1375 182.6112
4.1379 182.8800
4.1383 183.1424
4.1387 183.3984
4.1391 183.6608
4.1395 183.9168
4.1399 184.1728
4.1403 184.4224
4.1407 184.6784
4.1411 184.9280
4.1415 185.1712
4.1419 185.4208
4.1423 185.6640
4.1427 185.9008
4.1431 186.1440
4.1435 186.3808
4.1439 186.6176
4.1443 186.8480
4.1447 187.0848
4.1451 187.3088
4.1455 187.5392
4.1459 187.7632
4.1463 187.9872
4.1467 188.2112
4.1471 188.4288
4.1475 188.6464
4.1479 188.8576
4.1483 189.0752
4.1487 189.2864
4.1491 189.4912
4.1495 189.6960
4.1499 189.9008
4.1503 190.1056
4.1507 190.3040
4.1511 190.5024
4.1515 190.6944
4.1519 190.8864
4.1523 191.0784
4.1527 191.2640
4.1531 191.4560
4.1535 191.6352
4.1539 191.8208
4.1543 191.9936
4.1547 192.1728
4.1551 192.3456
4.1555 192.5184
4.1559 192.6912
4.1563 192.8576
4.1567 193.0176
4.1571 193.1840
4.1575 193.3440
4.1579 193.4976
4.1583 193.6576
4.1587 193.8048
4.1591 193.9584
4.1595 194.1056
4.1599 194.2528
4.1603 194.3936
4.1607 194.5344
4.1611 194.6688
4.1615 194.8032
4.1619 194.9376
4.1623 195.0720
4.1627 195.1936
4.1631 195.3216
4.1635 195.4432
4.1639 195.5648
4.1643 195.6800
4.1647 195.7952
4.1651 195.9104
4.1655 196.0192
4.1659 196.1280
4.1663 196.2304
4.1667 196.3328
4.1671 196.4352
4.1675 196.5312
4.1679 196.6208
4.1683 196.7168
4.1687 196.8064
4.1691 196.8896
4.1695 196.9728
4.1699 197.0560
4.1703 197.1328
4.1707 197.2096
4.1711 197.2864
4.1715 197.3568
4.1719 197.4208
4.1723 197.4912
4.1727 197.5488
4.1731 197.6128
4.1735 197.6704
4.1739 197.7280
4.1743 197.7792
4.1747 197.8304
4.1751 197.8752
4.1755 197.9200
4.1759 197.9584
4.1763 198.0032
4.1767 198.0352
4.1771 198.0736
4.1775 198.1056
4.1779 198.1312
4.1783 198.1568
4.1787 198.1824
4.1791 198.2016
4.1795 198.2208
4.1799 198.2400
4.1803 198.2528
4.1807 198.2592
4.1811 198.2720
4.1815 198.2784
4.1819 198.2784
4.1823 198.2784
4.1827 198.2784
4.1831 198.2720
4.1835 198.2656
4.1839 198.2528
4.1843 198.2464
4.1847 198.2272
4.1851 198.2144
4.1855 198.1888
4.1859 198.1696
4.1863 198.1440
4.1867 198.1184
4.1871 198.0864
4.1875 198.0544
4.1879 198.0224
4.1883 197.9840
4.1887 197.9456
4.1891 197.9008
4.1895 197.8560
4.1899 197.8112
4.1903 197.7664
4.1907 197.7088
4.1911 197.6576
4.1915 197.6000
4.1919 197.5424
4.1923 197.4848
4.1927 197.4208
4.1931 197.3568
4.1935 197.2864
4.1939 197.2160
4.1943 197.1456
4.1947 197.0688
4.1951 196.9920
4.1955 196.9152
4.1959 196.8320
4.1963 196.7488
4.1967 196.6656
4.1971 196.5760
4.1975 196.4864
4.1979 196.3968
4.1983 196.3072
4.1987 196.2112
4.1991 196.1088
4.1995 196.0128
4.1999 195.9104
4.2003 195.8080
4.2007 195.6992
4.2011 195.5904
4.2015 195.4816
4.2019 195.3728
4.2023 195.2576
4.2027 195.1424
4.2031 195.0272
4.2035 194.9056
4.2039 194.7840
4.2043 194.6624
4.2047 194.5408
4.2051 194.4128
4.2055 194.2848
4.2059 194.1568
4.2063 194.0224
4.2067 193.8944
4.2071 193.7600
4.2075 193.6256
4.2079 193.4848
4.2083 193.3440
4.2087 193.2032
4.2091 193.0624
4.2095 192.9216
4.2099 192.7744
4.2103 192.6272
4.2107 192.4800
4.2111 192.3328
4.2115 192.1856
4.2119 192.0320
4.2123 191.8784
4.2127 191.7248
4.2131 191.5712
4.2135 191.4112
4.2139 191.2576
4.2143 191.0976
4.2147 190.9376
4.2151 190.7776
4.2155 190.6176
4.2159 190.4512
4.2163 190.2912
4.2167 190.1248
4.2171 189.9584
4.2175 189.7920
4.2179 189.6256
4.2183 189.4528
4.2187 189.2864
4.2191 189.1200
4.2195 188.9472
4.2199 188.7744
4.2203 188.6016
4.2207 188.4288
4.2211 188.2560
4.2215 188.0832
4.2219 187.9104
4.2223 187.7376
4.2227 187.5584
4.2231 187.3856
4.2235 187.2064
4.2239 187.0336
4.2243 186.8544
4.2247 186.6752
4.2251 186.5024
4.2255 186.3232
4.2259 186.1440
4.2263 185.9648
4.2267 185.7856
4.2271 185.6128
4.2275 185.4336
4.2279 185.2544
4.2283 185.0752
4.2287 184.8960
4.2291 184.7168
4.2295 184.5376
4.2299 184.3648
4.2303 184.1856
4.2307 184.0064
4.2311 183.8272
4.2315 183.6544
4.2319 183.4752
4.2323 183.2960
4.2327 183.1232
4.2331 182.9440
4.2335 182.7712
4.2339 182.5984
4.2343 182.4256
4.2347 182.2464
4.2351 182.0736
4.2355 181.9008
4.2359 181.7344
4.2363 181.5616
4.2367 181.3888
4.2371 181.2224
4.2375 181.0496
4.2379 180.8832
4.2383 180.7168
4.2387 180.5504
4.2391 180.3840
4.2395 180.2240
4.2399 180.0576
4.2403 179.8976
4.2407 179.7376
4.2411 179.5776
4.2415 179.4176
4.2419 179.2576
4.2423 179.1040
4.2427 178.9504
4.2431 178.7968
4.2435 178.6432
4.2439 178.4896
4.2443 178.3424
4.2447 178.1952
4.2451 178.0480
4.2455 177.9008
4.2459 177.7600
4.2463 177.6192
4.2467 177.4784
4.2471 177.3376
4.2475 177.2032
4.2479 177.0624
4.2483 176.9344
4.2487 176.8000
4.2491 176.6720
4.2495 176.5440
4.2499 176.4160
4.2504 176.2880
4.2508 176.1664
4.2512 176.0448
4.2516 175.9296
4.2520 175.8144
4.2524 175.6992
4.2528 175.5840
4.2532 175.4752
4.2536 175.3664
4.2540 175.2640
4.2544 175.1616
4.2548 175.0592
4.2552 174.9568
4.2556 174.8608
4.2560 174.7648
4.2564 174.6752
4.2568 174.5856
4.2572 174.5024
4.2576 174.4128
4.2580 174.3296
4.2584 174.2528
4.2588 174.1760
4.2592 174.0992
4.2596 174.0288
4.2600 173.9584
4.2604 173.8944
4.2608 173.8304
4.2612 173.7664
4.2616 173.7088
4.2620 173.6576
4.2624 173.6000
4.2628 173.5552
4.2632 173.5040
4.2636 173.4592
4.2640 173.4208
4.2644 173.3824
4.2648 173.3440
4.2652 173.3120
4.2656 173.2864
4.2660 173.2608
4.2664 173.2352
4.2668 173.2160
4.2672 173.1968
4.2676 173.1840
4.2680 173.1712
4.2684 173.1648
4.2688 173.1648
4.2692 173.1584
4.2696 173.1648
4.2700 173.1712
4.2704 173.1776
4.2708 173.1904
4.2712 173.2032
4.2716 173.2224
4.2720 173.2416
4.2724 173.2672
4.2728 173.2992
4.2732 173.3312
4.2736 173.3632
4.2740 173.4016
4.2744 173.4464
4.2748 173.4912
4.2752 173.5424
4.2756 173.5936
4.2760 173.6512
4.2764 173.7088
4.2768 173.7728
4.2772 173.8432
4.2776 173.9136
4.2780 173.9904
4.2784 174.0672
4.2788 174.1504
4.2792 174.2336
4.2796 174.3232
4.2800 174.4128
4.2804 174.5088
4.2808 174.6112
4.2812 174.7136
4.2816 174.8224
4.2820 174.9312
4.2824 175.0464
4.2828 175.1680
4.2832 175.2896
4.2836 175.4176
4.2840 175.5456
4.2844 175.6800
4.2848 175.8208
4.2852 175.9616
4.2856 176.1088
4.2860 176.2560
4.2864 176.4096
4.2868 176.5696
4.2872 176.7296
4.2876 176.8960
4.2880 177.0624
4.2884 177.2352
4.2888 177.4080
4.2892 177.5936
4.2896 177.7728
4.2900 177.9648
4.2904 178.1568
4.2908 178.3552
4.2912 178.5536
4.2916 178.7584
4.2920 178.9632
4.2924 179.1744
4.2928 179.3920
4.2932 179.6160
4.2936 179.8336
4.2940 180.0640
4.2944 180.2944
4.2948 180.5312
4.2952 180.7744
4.2956 181.0176
4.2960 181.2608
4.2964 181.5168
4.2968 181.7728
4.2972 182.0288
4.2976 182.2912
4.2980 182.5600
4.2984 182.8352
4.2988 183.1104
4.2992 183.3856
4.2996 183.6736
4.3000 183.9552
4.3004 184.2496
4.3008 184.5440
4.3012 184.8448
4.3016 185.1456
4.3020 185.4528
4.3024 185.7664
4.3028 186.0800
4.3032 186.4000
4.3036 186.7264
4.3040 187.0528
4.3044 187.3792
4.3048 187.7184
4.3052 188.0576
4.3056 188.3968
4.3060 188.7424
4.3064 189.0944
4.3068 189.4528
4.3072 189.8112
4.3076 190.1696
4.3080 190.5344
4.3084 190.9056
4.3088 191.2832
4.3092 191.6608
4.3096 192.0384
4.3100 192.4288
4.3104 192.8192
4.3108 193.2096
4.3112 193.6064
4.3116 194.0096
4.3120 194.4128
4.3124 194.8224
4.3128 195.2384
4.3132 195.6544
4.3136 196.0704
4.3140 196.4992
4.3144 196.9280
4.3148 197.3568
4.3152 197.7920
4.3156 198.2336
4.3160 198.6752
4.3164 199.1232
4.3168 199.5712
4.3172 200.0256
4.3176 200.4864
4.3180 200.9472
4.3184 201.4144
4.3188 201.8816
4.3192 202.3552
4.3196 202.8288
4.3200 203.3088
4.3204 203.7952
4.3208 204.2816
4.3212 204.7744
4.3216 205.2672
4.3220 205.7664
4.3224 206.2720
4.3228 206.7776
4.3232 207.2832
4.3236 207.8016
4.3240 208.3136
4.3244 208.8384
4.3248 209.3568
4.3252 209.8880
4.3256 210.4192
4.3260 210.9504
4.3264 211.4880
4.3268 212.0320
4.3272 212.5760
4.3276 213.1264
4.3280 213.6768
4.3284 214.2336
4.3288 214.7904
4.3292 215.3536
4.3296 215.9168
4.3300 216.4864
4.3304 217.0624
4.3308 217.6384
4.3312 218.2144
4.3316 218.7968
4.3320 219.3856
4.3324 219.9744
4.3328 220.5696
4.3332 221.1648
4.3336 221.7664
4.3340 222.3680
4.3344 222.9696
4.3348 223.5840
4.3352 224.1920
4.3356 224.8128
4.3360 225.4272
4.3364 226.0544
4.3368 226.6752
4.3372 227.3088
4.3376 227.9424
4.3380 228.5760
4.3384 229.2160
4.3388 229.8560
4.3392 230.5024
4.3396 231.1488
4.3400 231.8016
4.3404 232.4544
4.3408 233.1136
4.3412 233.7728
4.3416 234.4384
4.3420 235.1040
4.3424 235.7760
4.3428 236.4480
4.3432 237.1200
4.3436 237.8048
4.3440 238.4832
4.3444 239.1680
4.3448 239.8592
4.3452 240.5504
4.3456 241.2416
4.3460 241.9392
4.3464 242.6432
4.3468 243.3408
4.3472 244.0512
4.3476 244.7616
4.3480 245.4720
4.3484 246.1888
4.3488 246.9056
4.3492 247.6224
4.3496 248.3456
4.3500 249.0752
4.3504 249.8048
4.3508 250.5344
4.3512 251.2704
4.3516 252.0064
4.3520 252.7488
4.3524 253.4912
4.3528 254.2400
4.3532 254.9888
4.3536 255.7376
4.3540 256.4928
4.3544 257.2480
4.3548 258.0096
4.3552 258.7712
4.3556 259.5392
4.3560 260.3072
4.3564 261.0752
4.3568 261.8496
4.3572 262.6240
4.3576 263.4048
4.3580 264.1856
4.3584 264.9664
4.3588 265.7536
4.3592 266.5408
4.3596 267.3344
4.3600 268.1280
4.3604 268.9216
4.3608 269.7216
4.3612 270.5280
4.3616 271.3280
4.3620 272.1344
4.3624 272.9472
4.3628 273.7536
4.3632 274.5728
4.3636 275.3856
4.3640 276.2048
4.3644 277.0240
4.3648 277.8496
4.3652 278.6752
4.3656 279.5008
4.3660 280.3328
4.3664 281.1648
4.3668 282.0032
4.3672 282.8416
4.3676 283.6800
4.3680 284.5184
4.3684 285.3632
4.3688 286.2144
4.3692 287.0592
4.3696 287.9104
4.3700 288.7616
4.3704 289.6192
4.3708 290.4768
4.3712 291.3344
4.3716 292.1984
4.3720 293.0624
4.3724 293.9264
4.3728 294.7968
4.3732 295.6672
4.3736 296.5376
4.3740 297.4080
4.3744 298.2848
4.3748 299.1616
4.3752 300.0448
4.3756 300.9280
4.3760 301.8112
4.3764 302.6944
4.3768 303.5840
4.3772 304.4736
4.3776 305.3632
4.3780 306.2592
4.3784 307.1488
4.3788 308.0448
4.3792 308.9472
4.3796 309.8432
4.3800 310.7456
4.3804 311.6480
4.3808 312.5568
4.3812 313.4656
4.3816 314.3680
4.3820 315.2832
4.3824 316.1920
4.3828 317.1072
4.3832 318.0224
4.3836 318.9376
4.3840 319.8528
4.3844 320.7744
4.3848 321.6896
4.3852 322.6112
4.3856 323.5392
4.3860 324.4608
4.3864 325.3888
4.3868 326.3168
4.3872 327.2448
4.3876 328.1728
4.3880 329.1072
4.3884 330.0352
4.3888 330.9696
4.3892 331.9040
4.3896 332.8384
4.3900 333.7792
4.3904 334.7136
4.3908 335.6544
4.3912 336.5952
4.3916 337.5360
4.3920 338.4768
4.3924 339.4176
4.3928 340.3584
4.3932 341.3056
4.3936 342.2528
4.3940 343.1936
4.3944 344.1408
4.3948 345.0880
4.3952 346.0352
4.3956 346.9888
4.3960 347.9360
4.3964 348.8832
4.3968 349.8368
4.3972 350.7904
4.3976 351.7376
4.3980 352.6912
4.3984 353.6448
4.3988 354.5984
4.3992 355.5520
4.3996 356.5056
4.4000 357.4592
4.4004 358.4128
4.4008 359.3664
4.4012 360.3200
4.4016 361.2736
4.4020 362.2272
4.4024 363.1808
4.4028 364.1344
4.4032 365.0944
4.4036 366.0480
4.4040 367.0016
4.4044 367.9552
4.4048 368.9088
4.4052 369.8624
4.4056 370.8160
4.4060 371.7696
4.4064 372.7232
4.4068 373.6768
4.4072 374.6304
4.4076 375.5776
4.4080 376.5312
4.4084 377.4848
4.4088 378.4320
4.4092 379.3792
4.4096 380.3328
4.4100 381.2800
4.4104 382.2272
4.4108 383.1744
4.4112 384.1216
4.4116 385.0624
4.4120 386.0096
4.4124 386.9504
4.4128 387.8912
4.4132 388.8320
4.4136 389.7728
4.4140 390.7136
4.4144 391.6480
4.4148 392.5888
4.4152 393.5232
4.4156 394.4512
4.4160 395.3856
4.4164 396.3200
4.4168 397.2480
4.4172 398.1760
4.4176 399.0976
4.4180 400.0256
4.4184 400.9472
4.4188 401.8688
4.4192 402.7904
4.4196 403.7056
4.4200 404.6208
4.4204 405.5360
4.4208 406.4448
4.4212 407.3600
4.4216 408.2624
4.4220 409.1712
4.4224 410.0736
4.4228 410.9760
4.4232 411.8720
4.4236 412.7680
4.4240 413.6640
4.4244 414.5600
4.4248 415.4496
4.4252 416.3328
4.4256 417.2160
4.4260 418.0992
4.4264 418.9824
4.4268 419.8592
4.4272 420.7296
4.4276 421.6000
4.4280 422.4704
4.4284 423.3344
4.4288 424.1984
4.4292 425.0560
4.4296 425.9136
4.4300 426.7648
4.4304 427.6160
4.4308 428.4608
4.4312 429.3056
4.4316 430.1440
4.4320 430.9824
4.4324 431.8144
4.4328 432.6464
4.4332 433.4720
4.4336 434.2976
4.4340 435.1168
4.4344 435.9296
4.4348 436.7424
4.4352 437.5488
4.4356 438.3552
4.4360 439.1552
4.4364 439.9552
4.4368 440.7488
4.4372 441.5360
4.4376 442.3232
4.4380 443.1040
4.4384 443.8784
4.4388 444.6528
4.4392 445.4208
4.4396 446.1824
4.4400 446.9440
4.4404 447.6992
4.4408 448.4480
4.4412 449.1968
4.4416 449.9328
4.4420 450.6752
4.4424 451.4048
4.4428 452.1344
4.4432 452.8576
4.4436 453.5744
4.4440 454.2912
4.4444 454.9952
4.4448 455.6992
4.4452 456.4032
4.4456 457.0944
4.4460 457.7856
4.4464 458.4704
4.4468 459.1488
4.4472 459.8208
4.4476 460.4864
4.4480 461.1520
4.4484 461.8112
4.4488 462.4640
4.4492 463.1104
4.4496 463.7504
4.4500 464.3904
4.4504 465.0176
4.4508 465.6448
4.4512 466.2656
4.4516 466.8800
4.4520 467.4880
4.4524 468.0896
4.4528 468.6912
4.4532 469.2800
4.4536 469.8688
4.4540 470.4448
4.4544 471.0208
4.4548 471.5904
4.4552 472.1536
4.4556 472.7104
4.4560 473.2608
4.4564 473.8048
4.4568 474.3424
4.4572 474.8736
4.4576 475.3984
4.4580 475.9168
4.4584 476.4352
4.4588 476.9408
4.4592 477.4400
4.4596 477.9392
4.4600 478.4256
4.4604 478.9056
4.4608 479.3856
4.4612 479.8528
4.4616 480.3136
4.4620 480.7744
4.4624 481.2224
4.4628 481.6640
4.4632 482.1056
4.4636 482.5344
4.4640 482.9568
4.4644 483.3792
4.4648 483.7888
4.4652 484.1920
4.4656 484.5888
4.4660 484.9792
4.4664 485.3632
4.4668 485.7408
4.4672 486.1120
4.4676 486.4768
4.4680 486.8352
4.4684 487.1808
4.4688 487.5264
4.4692 487.8656
4.4696 488.1920
4.4700 488.5184
4.4704 488.8320
4.4708 489.1392
4.4712 489.4464
4.4716 489.7408
4.4720 490.0288
4.4724 490.3104
4.4728 490.5856
4.4732 490.8544
4.4736 491.1104
4.4740 491.3664
4.4744 491.6160
4.4748 491.8528
4.4752 492.0832
4.4756 492.3136
4.4760 492.5312
4.4764 492.7424
4.4768 492.9472
4.4772 493.1456
4.4776 493.3376
4.4780 493.5168
4.4784 493.6960
4.4788 493.8624
4.4792 494.0288
4.4796 494.1824
4.4800 494.3296
4.4804 494.4704
4.4808 494.6048
4.4812 494.7328
4.4816 494.8544
4.4820 494.9696
4.4824 495.0720
4.4828 495.1744
4.4832 495.2640
4.4836 495.3536
4.4840 495.4304
4.4844 495.5008
4.4848 495.5648
4.4852 495.6224
4.4856 495.6736
4.4860 495.7120
4.4864 495.7504
4.4868 495.7824
4.4872 495.8016
4.4876 495.8208
4.4880 495.8272
4.4884 495.8272
4.4888 495.8272
4.4892 495.8144
4.4896 495.7952
4.4900 495.7696
4.4904 495.7376
4.4908 495.6992
4.4912 495.6480
4.4916 495.5968
4.4920 495.5392
4.4924 495.4688
4.4928 495.3984
4.4932 495.3216
4.4936 495.2320
4.4940 495.1424
4.4944 495.0400
4.4948 494.9312
4.4952 494.8224
4.4956 494.7008
4.4960 494.5728
4.4964 494.4448
4.4968 494.3040
4.4972 494.1568
4.4976 494.0032
4.4980 493.8496
4.4984 493.6832
4.4988 493.5104
4.4992 493.3312
4.4996 493.1520
4.5000 492.9600
