2.5000 0.0000
2.5004 0.0000
2.5008 0.0000
2.5012 0.0000
2.5016 0.0000
2.5020 0.0000
2.5024 0.0000
2.5028 0.0000
2.5032 0.0000
2.5036 0.0000
2.5040 0.0000
2.5044 0.0000
2.5048 0.0000
2.5052 0.0000
2.5056 0.0000
2.5060 0.0000
2.5064 0.0000
2.5068 0.0000
2.5072 0.0000
2.5076 0.0000
2.5080 0.0000
2.5084 0.0000
2.5088 0.0000
2.5092 0.0000
2.5096 0.0000
2.5100 0.0000
2.5104 0.0000
2.5108 0.0000
2.5112 0.0000
2.5116 0.0000
2.5120 0.0000
2.5124 0.0000
2.5128 0.0000
2.5132 0.0000
2.5136 0.0000
2.5140 0.0000
2.5144 0.0000
2.5148 0.0000
2.5152 0.0000
2.5156 0.0000
2.5160 0.0000
2.5164 0.0000
2.5168 0.0000
2.5172 0.0000
2.5176 0.0000
2.5180 0.0000
2.5184 0.0000
2.5188 0.0000
2.5192 0.0000
2.5196 0.0000
2.5200 0.0000
2.5204 0.0000
2.5208 0.0000
2.5212 0.0000
2.5216 0.0000
2.5220 0.0000
2.5224 0.0000
2.5228 0.0000
2.5232 0.0000
2.5236 0.0000
2.5240 0.0000
2.5244 0.0000
2.5248 0.0000
2.5252 0.0000
2.5256 0.0000
2.5260 0.0000
2.5264 0.0000
2.5268 0.0000
2.5272 0.0000
2.5276 0.0000
2.5280 0.0000
2.5284 0.0000
2.5288 0.0000
2.5292 0.0000
2.5296 0.0000
2.5300 0.0000
2.5304 0.0000
2.5308 0.0000
2.5312 0.0000
2.5316 0.0000
2.5320 0.0000
2.5324 0.0000
2.5328 0.0000
2.5332 0.0000
2.5336 0.0000
2.5340 0.0000
2.5344 0.0000
2.5348 0.0000
2.5352 0.0000
2.5356 0.0000
2.5360 0.0000
2.5364 0.0000
2.5368 0.0000
2.5372 0.0000
2.5376 0.0000
2.5380 0.0000
2.5384 0.0000
2.5388 0.0000
2.5392 0.0000
2.5396 0.0000
2.5400 0.0000
2.5404 0.0000
2.5408 0.0000
2.5412 0.0000
2.5416 0.0000
2.5420 0.0000
2.5424 0.0000
2.5428 0.0000
2.5432 0.0000
2.5436 0.0000
2.5440 0.0000
2.5444 0.0000
2.5448 0.0000
2.5452 0.0000
2.5456 0.0000
2.5460 0.0000
2.5464 0.0000
2.5468 0.0000
2.5472 0.0000
2.5476 0.0000
2.5480 0.0000
2.5484 0.0000
2.5488 0.0000
2.5492 0.0000
2.5496 0.0000
2.5500 0.0000
2.5504 0.0000
2.5508 0.0000
2.5512 0.0000
2.5516 0.0000
2.5520 0.0000
2.5524 0.0000
2.5528 0.0000
2.5532 0.0000
2.5536 0.0000
2.5540 0.0000
2.5544 0.0000
2.5548 0.0000
2.5552 0.0000
2.5556 0.0000
2.5560 0.0000
2.5564 0.0000
2.5568 0.0000
2.5572 0.0000
2.5576 0.0000
2.5580 0.0000
2.5584 0.0000
2.5588 0.0000
2.5592 0.0000
2.5596 0.0000
2.5600 0.0000
2.5604 0.0000
2.5608 0.0000
2.5612 0.0000
2.5616 0.0000
2.5620 0.0000
2.5624 0.0000
2.5628 0.0000
2.5632 0.0000
2.5636 0.0000
2.5640 0.0000
2.5644 0.0000
2.5648 0.0000
2.5652 0.0000
2.5656 0.0000
2.5660 0.0000
2.5664 0.0000
2.5668 0.0000
2.5672 0.0000
2.5676 0.0000
2.5680 0.0000
2.5684 0.0000
2.5688 0.0000
2.5692 0.0000
2.5696 0.0000
2.5700 0.0000
2.5704 0.0000
2.5708 0.0000
2.5712 0.0000
2.5716 0.0000
2.5720 0.0000
2.5724 0.0000
2.5728 0.0000
2.5732 0.0000
2.5736 0.0000
2.5740 0.0000
2.5744 0.0000
2.5748 0.0000
2.5752 0.0000
2.5756 0.0000
2.5760 0.0000
2.5764 0.0000
2.5768 0.0000
2.5772 0.0000
2.5776 0.0000
2.5780 0.0000
2.5784 0.0000
2.5788 0.0000
2.5792 0.0000
2.5796 0.0000
2.5800 0.0000
2.5804 0.0000
2.5808 0.0000
2.5812 0.0000
2.5816 0.0000
2.5820 0.0000
2.5824 0.0000
2.5828 0.0000
2.5832 0.0000
2.5836 0.0000
2.5840 0.0000
2.5844 0.0000
2.5848 0.0000
2.5852 0.0000
2.5856 0.0000
2.5860 0.0000
2.5864 0.0000
2.5868 0.0000
2.5872 0.0000
2.5876 0.0000
2.5880 0.0000
2.5884 0.0000
2.5888 0.0000
2.5892 0.0000
2.5896 0.0000
2.5900 0.0000
2.5904 0.0000
2.5908 0.0000
2.5912 0.0000
2.5916 0.0000
2.5920 0.0000
2.5924 0.0000
2.5928 0.0000
2.5932 0.0000
2.5936 0.0000
2.5940 0.0000
2.5944 0.0000
2.5948 0.0000
2.5952 0.0000
2.5956 0.0000
2.5960 0.0000
2.5964 0.0000
2.5968 0.0000
2.5972 0.0000
2.5976 0.0000
2.5980 0.0000
2.5984 0.0000
2.5988 0.0000
2.5992 0.0000
2.5996 0.0000
2.6000 0.0000
2.6004 0.0000
2.6008 0.0000
2.6012 0.0000
2.6016 0.0000
2.6020 0.0000
2.6024 0.0000
2.6028 0.0000
2.6032 0.0000
2.6036 0.0000
2.6040 0.0000
2.6044 0.0000
2.6048 0.0000
2.6052 0.0000
2.6056 0.0000
2.6060 0.0000
2.6064 0.0000
2.6068 0.0000
2.6072 0.0000
2.6076 0.0000
2.6080 0.0000
2.6084 0.0000
2.6088 0.0000
2.6092 0.0000
2.6096 0.0000
2.6100 0.0000
2.6104 0.0000
2.6108 0.0000
2.6112 0.0000
2.6116 0.0000
2.6120 0.0000
2.6124 0.0000
2.6128 0.0000
2.6132 0.0000
2.6136 0.0000
2.6140 0.0000
2.6144 0.0000
2.6148 0.0000
2.6152 0.0000
2.6156 0.0000
2.6160 0.0000
2.6164 0.0000
2.6168 0.0000
2.6172 0.0000
2.6176 0.0000
2.6180 0.0000
2.6184 0.0000
2.6188 0.0000
2.6192 0.0000
2.6196 0.0000
2.6200 0.0000
2.6204 0.0000
2.6208 0.0000
2.6212 0.0000
2.6216 0.0000
2.6220 0.0000
2.6224 0.0000
2.6228 0.0000
2.6232 0.0000
2.6236 0.0000
2.6240 0.0000
2.6244 0.0000
2.6248 0.0000
2.6252 0.0000
2.6256 0.0000
2.6260 0.0000
2.6264 0.0000
2.6268 0.0000
2.6272 0.0000
2.6276 0.0000
2.6280 0.0000
2.6284 0.0000
2.6288 0.0000
2.6292 0.0000
2.6296 0.0000
2.6300 0.0000
2.6304 0.0000
2.6308 0.0000
2.6312 0.0000
2.6316 0.0000
2.6320 0.0000
2.6324 0.0000
2.6328 0.0000
2.6332 0.0000
2.6336 0.0000
2.6340 0.0000
2.6344 0.0000
2.6348 0.0000
2.6352 0.0000
2.6356 0.0000
2.6360 0.0000
2.6364 0.0000
2.6368 0.0000
2.6372 0.0000
2.6376 0.0000
2.6380 0.0000
2.6384 0.0000
2.6388 0.0000
2.6392 0.0000
2.6396 0.0000
2.6400 0.0000
2.6404 0.0000
2.6408 0.0000
2.6412 0.0000
2.6416 0.0000
2.6420 0.0000
2.6424 0.0000
2.6428 0.0000
2.6432 0.0000
2.6436 0.0000
2.6440 0.0000
2.6444 0.0000
2.6448 0.0000
2.6452 0.0000
2.6456 0.0000
2.6460 0.0000
2.6464 0.0000
2.6468 0.0000
2.6472 0.0000
2.6476 0.0000
2.6480 0.0000
2.6484 0.0000
2.6488 0.0000
2.6492 0.0000
2.6496 0.0000
2.6500 0.0000
2.6504 0.0000
2.6508 0.0000
2.6512 0.0000
2.6516 0.0000
2.6520 0.0000
2.6524 0.0000
2.6528 0.0000
2.6532 0.0000
2.6536 0.0000
2.6540 0.0000
2.6544 0.0000
2.6548 0.0000
2.6552 0.0000
2.6556 0.0000
2.6560 0.0000
2.6564 0.0000
2.6568 0.0000
2.6572 0.0000
2.6576 0.0000
2.6580 0.0000
2.6584 0.0000
2.6588 0.0000
2.6592 0.0000
2.6596 0.0000
2.6600 0.0000
2.6604 0.0000
2.6608 0.0000
2.6612 0.0000
2.6616 0.0000
2.6620 0.0000
2.6624 0.0000
2.6628 0.0000
2.6632 0.0000
2.6636 0.0000
2.6640 0.0000
2.6644 0.0000
2.6648 0.0000
2.6652 0.0000
2.6656 0.0000
2.6660 0.0000
2.6664 0.0000
2.6668 0.0000
2.6672 0.0000
2.6676 0.0000
2.6680 0.0000
2.6684 0.0000
2.6688 0.0000
2.6692 0.0000
2.6696 0.0000
2.6700 0.0000
2.6704 0.0000
2.6708 0.0000
2.6712 0.0000
2.6716 0.0000
2.6720 0.0000
2.6724 0.0000
2.6728 0.0000
2.6732 0.0000
2.6736 0.0000
2.6740 0.0000
2.6744 0.0000
2.6748 0.0000
2.6752 0.0000
2.6756 0.0000
2.6760 0.0000
2.6764 0.0000
2.6768 0.0000
2.6772 0.0000
2.6776 0.0000
2.6780 0.0000
2.6784 0.0000
2.6788 0.0000
2.6792 0.0000
2.6796 0.0000
2.6800 0.0000
2.6804 0.0000
2.6808 0.0000
2.6812 0.0000
2.6816 0.0000
2.6820 0.0000
2.6824 0.0000
2.6828 0.0000
2.6832 0.0000
2.6836 0.0000
2.6840 0.0000
2.6844 0.0000
2.6848 0.0000
2.6852 0.0000
2.6856 0.0000
2.6860 0.0000
2.6864 0.0000
2.6868 0.0000
2.6872 0.0000
2.6876 0.0000
2.6880 0.0000
2.6884 0.0000
2.6888 0.0000
2.6892 0.0000
2.6896 0.0000
2.6900 0.0000
2.6904 0.0000
2.6908 0.0000
2.6912 0.0000
2.6916 0.0000
2.6920 0.0000
2.6924 0.0000
2.6928 0.0000
2.6932 0.0000
2.6936 0.0000
2.6940 0.0000
2.6944 0.0000
2.6948 0.0000
2.6952 0.0000
2.6956 0.0000
2.6960 0.0000
2.6964 0.0000
2.6968 0.0000
2.6972 0.0000
2.6976 0.0000
2.6980 0.0000
2.6984 0.0000
2.6988 0.0000
2.6992 0.0000
2.6996 0.0000
2.7000 0.0000
2.7004 0.0000
2.7008 0.0000
2.7012 0.0000
2.7016 0.0000
2.7020 0.0000
2.7024 0.0000
2.7028 0.0000
2.7032 0.0000
2.7036 0.0000
2.7040 0.0000
2.7044 0.0000
2.7048 0.0000
2.7052 0.0000
2.7056 0.0000
2.7060 0.0000
2.7064 0.0000
2.7068 0.0000
2.7072 0.0000
2.7076 0.0000
2.7080 0.0000
2.7084 0.0000
2.7088 0.0000
2.7092 0.0000
2.7096 0.0000
2.7100 0.0000
2.7104 0.0000
2.7108 0.0000
2.7112 0.0000
2.7116 0.0000
2.7120 0.0000
2.7124 0.0000
2.7128 0.0000
2.7132 0.0000
2.7136 0.0000
2.7140 0.0000
2.7144 0.0000
2.7148 0.0000
2.7152 0.0000
2.7156 0.0000
2.7160 0.0000
2.7164 0.0000
2.7168 0.0000
2.7172 0.0000
2.7176 0.0000
2.7180 0.0000
2.7184 0.0000
2.7188 0.0000
2.7192 0.0000
2.7196 0.0000
2.7200 0.0000
2.7204 0.0000
2.7208 0.0000
2.7212 0.0000
2.7216 0.0000
2.7220 0.0000
2.7224 0.0000
2.7228 0.0000
2.7232 0.0000
2.7236 0.0000
2.7240 0.0000
2.7244 0.0000
2.7248 0.0000
2.7252 0.0000
2.7256 0.0000
2.7260 0.0000
2.7264 0.0000
2.7268 0.0000
2.7272 0.0000
2.7276 0.0000
2.7280 0.0000
2.7284 0.0000
2.7288 0.0000
2.7292 0.0000
2.7296 0.0000
2.7300 0.0000
2.7304 0.0000
2.7308 0.0000
2.7312 0.0000
2.7316 0.0000
2.7320 0.0000
2.7324 0.0000
2.7328 0.0000
2.7332 0.0000
2.7336 0.0000
2.7340 0.0000
2.7344 0.0000
2.7348 0.0000
2.7352 0.0000
2.7356 0.0000
2.7360 0.0000
2.7364 0.0000
2.7368 0.0000
2.7372 0.0000
2.7376 0.0000
2.7380 0.0000
2.7384 0.0000
2.7388 0.0000
2.7392 0.0000
2.7396 0.0000
2.7400 0.0000
2.7404 0.0000
2.7408 0.0000
2.7412 0.0000
2.7416 0.0000
2.7420 0.0000
2.7424 0.0000
2.7428 0.0000
2.7432 0.0000
2.7436 0.0000
2.7440 0.0000
2.7444 0.0000
2.7448 0.0000
2.7452 0.0000
2.7456 0.0000
2.7460 0.0000
2.7464 0.0000
2.7468 0.0000
2.7472 0.0000
2.7476 0.0000
2.7480 0.0000
2.7484 0.0000
2.7488 0.0000
2.7492 0.0000
2.7496 0.0000
2.7501 0.0000
2.7505 0.0000
2.7509 0.0000
2.7513 0.0000
2.7517 0.0000
2.7521 0.0000
2.7525 0.0000
2.7529 0.0000
2.7533 0.0000
2.7537 0.0000
2.7541 0.0000
2.7545 0.0000
2.7549 0.0000
2.7553 0.0000
2.7557 0.0000
2.7561 0.0000
2.7565 0.0000
2.7569 0.0000
2.7573 0.0000
2.7577 0.0000
2.7581 0.0000
2.7585 0.0000
2.7589 0.0000
2.7593 0.0000
2.7597 0.0000
2.7601 0.0000
2.7605 0.0000
2.7609 0.0000
2.7613 0.0000
2.7617 0.0000
2.7621 0.0000
2.7625 0.0000
2.7629 0.0000
2.7633 0.0000
2.7637 0.0000
2.7641 0.0000
2.7645 0.0000
2.7649 0.0000
2.7653 0.0000
2.7657 0.0000
2.7661 0.0000
2.7665 0.0000
2.7669 0.0000
2.7673 0.0000
2.7677 0.0000
2.7681 0.0000
2.7685 0.0000
2.7689 0.0000
2.7693 0.0000
2.7697 0.0000
2.7701 0.0000
2.7705 0.0000
2.7709 0.0000
2.7713 0.0000
2.7717 0.0000
2.7721 0.0000
2.7725 0.0000
2.7729 0.0000
2.7733 0.0000
2.7737 0.0000
2.7741 0.0000
2.7745 0.0000
2.7749 0.0000
2.7753 0.0000
2.7757 0.0000
2.7761 0.0000
2.7765 0.0000
2.7769 0.0000
2.7773 0.0000
2.7777 0.0000
2.7781 0.0000
2.7785 0.0000
2.7789 0.0000
2.7793 0.0000
2.7797 0.0000
2.7801 0.0000
2.7805 0.0000
2.7809 0.0000
2.7813 0.0000
2.7817 0.0000
2.7821 0.0000
2.7825 0.0000
2.7829 0.0000
2.7833 0.0000
2.7837 0.0000
2.7841 0.0000
2.7845 0.0000
2.7849 0.0000
2.7853 0.0000
2.7857 0.0000
2.7861 0.0000
2.7865 0.0000
2.7869 0.0000
2.7873 0.0000
2.7877 0.0000
2.7881 0.0000
2.7885 0.0000
2.7889 0.0000
2.7893 0.0000
2.7897 0.0000
2.7901 0.0000
2.7905 0.0000
2.7909 0.0000
2.7913 0.0000
2.7917 0.0000
2.7921 0.0000
2.7925 0.0000
2.7929 0.0000
2.7933 0.0000
2.7937 0.0000
2.7941 0.0000
2.7945 0.0000
2.7949 0.0000
2.7953 0.0000
2.7957 0.0000
2.7961 0.0000
2.7965 0.0000
2.7969 0.0000
2.7973 0.0000
2.7977 0.0000
2.7981 0.0000
2.7985 0.0000
2.7989 0.0000
2.7993 0.0000
2.7997 0.0000
2.8001 0.0000
2.8005 0.0000
2.8009 0.0000
2.8013 0.0000
2.8017 0.0000
2.8021 0.0000
2.8025 0.0000
2.8029 0.0000
2.8033 0.0000
2.8037 0.0000
2.8041 0.0000
2.8045 0.0000
2.8049 0.0000
2.8053 0.0000
2.8057 0.0000
2.8061 0.0000
2.8065 0.0000
2.8069 0.0000
2.8073 0.0000
2.8077 0.0000
2.8081 0.0000
2.8085 0.0000
2.8089 0.0000
2.8093 0.0000
2.8097 0.0000
2.8101 0.0000
2.8105 0.0000
2.8109 0.0000
2.8113 0.0000
2.8117 0.0000
2.8121 0.0000
2.8125 0.0000
2.8129 0.0000
2.8133 0.0000
2.8137 0.0000
2.8141 0.0000
2.8145 0.0000
2.8149 0.0000
2.8153 0.0000
2.8157 0.0000
2.8161 0.0000
2.8165 0.0000
2.8169 0.0000
2.8173 0.0000
2.8177 0.0000
2.8181 0.0000
2.8185 0.0000
2.8189 0.0000
2.8193 0.0000
2.8197 0.0000
2.8201 0.0000
2.8205 0.0000
2.8209 0.0000
2.8213 0.0000
2.8217 0.0000
2.8221 0.0000
2.8225 0.0000
2.8229 0.0000
2.8233 0.0000
2.8237 0.0000
2.8241 0.0000
2.8245 0.0000
2.8249 0.0000
2.8253 0.0000
2.8257 0.0000
2.8261 0.0000
2.8265 0.0000
2.8269 0.0000
2.8273 0.0000
2.8277 0.0000
2.8281 0.0000
2.8285 0.0000
2.8289 0.0000
2.8293 0.0000
2.8297 0.0000
2.8301 0.0000
2.8305 0.0000
2.8309 0.0000
2.8313 0.0000
2.8317 0.0000
2.8321 0.0000
2.8325 0.0000
2.8329 0.0000
2.8333 0.0000
2.8337 0.0000
2.8341 0.0000
2.8345 0.0000
2.8349 0.0000
2.8353 0.0000
2.8357 0.0000
2.8361 0.0000
2.8365 0.0000
2.8369 0.0000
2.8373 0.0000
2.8377 0.0000
2.8381 0.0000
2.8385 0.0000
2.8389 0.0000
2.8393 0.0000
2.8397 0.0000
2.8401 0.0000
2.8405 0.0000
2.8409 0.0000
2.8413 0.0000
2.8417 0.0000
2.8421 0.0000
2.8425 0.0000
2.8429 0.0000
2.8433 0.0000
2.8437 0.0000
2.8441 0.0000
2.8445 0.0000
2.8449 0.0000
2.8453 0.0000
2.8457 0.0000
2.8461 0.0000
2.8465 0.0000
2.8469 0.0000
2.8473 0.0000
2.8477 0.0000
2.8481 0.0000
2.8485 0.0000
2.8489 0.0000
2.8493 0.0000
2.8497 0.0000
2.8501 0.0000
2.8505 0.0000
2.8509 0.0000
2.8513 0.0000
2.8517 0.0000
2.8521 0.0000
2.8525 0.0000
2.8529 0.0000
2.8533 0.0000
2.8537 0.0000
2.8541 0.0000
2.8545 0.0000
2.8549 0.0000
2.8553 0.0000
2.8557 0.0000
2.8561 0.0000
2.8565 0.0000
2.8569 0.0000
2.8573 0.0000
2.8577 0.0000
2.8581 0.0000
2.8585 0.0000
2.8589 0.0000
2.8593 0.0000
2.8597 0.0000
2.8601 0.0000
2.8605 0.0000
2.8609 0.0000
2.8613 0.0000
2.8617 0.0000
2.8621 0.0000
2.8625 0.0000
2.8629 0.0000
2.8633 0.0000
2.8637 0.0000
2.8641 0.0000
2.8645 0.0000
2.8649 0.0000
2.8653 0.0000
2.8657 0.0000
2.8661 0.0000
2.8665 0.0000
2.8669 0.0000
2.8673 0.0000
2.8677 0.0000
2.8681 0.0000
2.8685 0.0000
2.8689 0.0000
2.8693 0.0000
2.8697 0.0000
2.8701 0.0000
2.8705 0.0000
2.8709 0.0000
2.8713 0.0000
2.8717 0.0000
2.8721 0.0000
2.8725 0.0000
2.8729 0.0000
2.8733 0.0000
2.8737 0.0000
2.8741 0.0000
2.8745 0.0000
2.8749 0.0000
2.8753 0.0000
2.8757 0.0000
2.8761 0.0000
2.8765 0.0000
2.8769 0.0000
2.8773 0.0000
2.8777 0.0000
2.8781 0.0000
2.8785 0.0000
2.8789 0.0000
2.8793 0.0000
2.8797 0.0000
2.8801 0.0000
2.8805 0.0000
2.8809 0.0000
2.8813 0.0000
2.8817 0.0000
2.8821 0.0000
2.8825 0.0000
2.8829 0.0000
2.8833 0.0000
2.8837 0.0000
2.8841 0.0000
2.8845 0.0000
2.8849 0.0000
2.8853 0.0000
2.8857 0.0000
2.8861 0.0000
2.8865 0.0000
2.8869 0.0000
2.8873 0.0000
2.8877 0.0000
2.8881 0.0000
2.8885 0.0000
2.8889 0.0000
2.8893 0.0000
2.8897 0.0000
2.8901 0.0000
2.8905 0.0000
2.8909 0.0000
2.8913 0.0000
2.8917 0.0000
2.8921 0.0000
2.8925 0.0000
2.8929 0.0000
2.8933 0.0000
2.8937 0.0000
2.8941 0.0000
2.8945 0.0000
2.8949 0.0000
2.8953 0.0000
2.8957 0.0000
2.8961 0.0000
2.8965 0.0000
2.8969 0.0000
2.8973 0.0000
2.8977 0.0000
2.8981 0.0000
2.8985 0.0000
2.8989 0.0000
2.8993 0.0000
2.8997 0.0000
2.9001 0.0000
2.9005 0.0000
2.9009 0.0000
2.9013 0.0000
2.9017 0.0000
2.9021 0.0000
2.9025 0.0000
2.9029 0.0000
2.9033 0.0000
2.9037 0.0000
2.9041 0.0000
2.9045 0.0000
2.9049 0.0000
2.9053 0.0000
2.9057 0.0000
2.9061 0.0000
2.9065 0.0000
2.9069 0.0000
2.9073 0.0000
2.9077 0.0000
2.9081 0.0000
2.9085 0.0000
2.9089 0.0000
2.9093 0.0000
2.9097 0.0000
2.9101 0.0000
2.9105 0.0000
2.9109 0.0000
2.9113 0.0000
2.9117 0.0000
2.9121 0.0000
2.9125 0.0000
2.9129 0.0000
2.9133 0.0000
2.9137 0.0000
2.9141 0.0000
2.9145 0.0000
2.9149 0.0000
2.9153 0.0000
2.9157 0.0000
2.9161 0.0000
2.9165 0.0000
2.9169 0.0000
2.9173 0.0000
2.9177 0.0000
2.9181 0.0000
2.9185 0.0000
2.9189 0.0000
2.9193 0.0000
2.9197 0.0000
2.9201 0.0000
2.9205 0.0000
2.9209 0.0000
2.9213 0.0000
2.9217 0.0000
2.9221 0.0000
2.9225 0.0000
2.9229 0.0000
2.9233 0.0000
2.9237 0.0000
2.9241 0.0000
2.9245 0.0000
2.9249 0.0000
2.9253 0.0000
2.9257 0.0000
2.9261 0.0000
2.9265 0.0000
2.9269 0.0000
2.9273 0.0000
2.9277 0.0000
2.9281 0.0000
2.9285 0.0000
2.9289 0.0000
2.9293 0.0000
2.9297 0.0000
2.9301 0.0000
2.9305 0.0000
2.9309 0.0000
2.9313 0.0000
2.9317 0.0000
2.9321 0.0000
2.9325 0.0000
2.9329 0.0000
2.9333 0.0000
2.9337 0.0000
2.9341 0.0000
2.9345 0.0000
2.9349 0.0000
2.9353 0.0000
2.9357 0.0000
2.9361 0.0000
2.9365 0.0000
2.9369 0.0000
2.9373 0.0000
2.9377 0.0000
2.9381 0.0000
2.9385 0.0000
2.9389 0.0000
2.9393 0.0000
2.9397 0.0000
2.9401 0.0000
2.9405 0.0000
2.9409 0.0000
2.9413 0.0000
2.9417 0.0000
2.9421 0.0000
2.9425 0.0000
2.9429 0.0000
2.9433 0.0000
2.9437 0.0000
2.9441 0.0000
2.9445 0.0000
2.9449 0.0000
2.9453 0.0000
2.9457 0.0000
2.9461 0.0000
2.9465 0.0000
2.9469 0.0000
2.9473 0.0000
2.9477 0.0000
2.9481 0.0000
2.9485 0.0000
2.9489 0.0000
2.9493 0.0000
2.9497 0.0000
2.9501 0.0000
2.9505 0.0000
2.9509 0.0000
2.9513 0.0000
2.9517 0.0000
2.9521 0.0000
2.9525 0.0000
2.9529 0.0000
2.9533 0.0000
2.9537 0.0000
2.9541 0.0000
2.9545 0.0000
2.9549 0.0000
2.9553 0.0000
2.9557 0.0000
2.9561 0.0000
2.9565 0.0000
2.9569 0.0000
2.9573 0.0000
2.9577 0.0000
2.9581 0.0000
2.9585 0.0000
2.9589 0.0000
2.9593 0.0000
2.9597 0.0000
2.9601 0.0000
2.9605 0.0000
2.9609 0.0000
2.9613 0.0000
2.9617 0.0000
2.9621 0.0000
2.9625 0.0000
2.9629 0.0000
2.9633 0.0000
2.9637 0.0000
2.9641 0.0000
2.9645 0.0000
2.9649 0.0000
2.9653 0.0000
2.9657 0.0000
2.9661 0.0000
2.9665 0.0000
2.9669 0.0000
2.9673 0.0000
2.9677 0.0000
2.9681 0.0000
2.9685 0.0000
2.9689 0.0000
2.9693 0.0000
2.9697 0.0000
2.9701 0.0000
2.9705 0.0000
2.9709 0.0000
2.9713 0.0000
2.9717 0.0000
2.9721 0.0000
2.9725 0.0000
2.9729 0.0000
2.9733 0.0000
2.9737 0.0000
2.9741 0.0000
2.9745 0.0000
2.9749 0.0000
2.9753 0.0000
2.9757 0.0000
2.9761 0.0000
2.9765 0.0000
2.9769 0.0000
2.9773 0.0000
2.9777 0.0000
2.9781 0.0000
2.9785 0.0000
2.9789 0.0000
2.9793 0.0000
2.9797 0.0000
2.9801 0.0000
2.9805 0.0000
2.9809 0.0000
2.9813 0.0000
2.9817 0.0000
2.9821 0.0000
2.9825 0.0000
2.9829 0.0000
2.9833 0.0000
2.9837 0.0000
2.9841 0.0000
2.9845 0.0000
2.9849 0.0000
2.9853 0.0000
2.9857 0.0000
2.9861 0.0000
2.9865 0.0000
2.9869 0.0000
2.9873 0.0000
2.9877 0.0000
2.9881 0.0000
2.9885 0.0000
2.9889 0.0000
2.9893 0.0000
2.9897 0.0000
2.9901 0.0000
2.9905 0.0000
2.9909 0.0000
2.9913 0.0000
2.9917 0.0000
2.9921 0.0000
2.9925 0.0000
2.9929 0.0000
2.9933 0.0000
2.9937 0.0000
2.9941 0.0000
2.9945 0.0000
2.9949 0.0000
2.9953 0.0000
2.9957 0.0000
2.9961 0.0000
2.9965 0.0000
2.9969 0.0000
2.9973 0.0000
2.9977 0.0000
2.9981 0.0000
2.9985 0.0000
2.9989 0.0000
2.9993 0.0000
2.9997 0.0000
3.0001 0.0000
3.0005 0.0000
3.0009 0.0000
3.0013 0.0000
3.0017 0.0000
3.0021 0.0000
3.0025 0.0000
3.0029 0.0000
3.0033 0.0000
3.0037 0.0000
3.0041 0.0000
3.0045 0.0000
3.0049 0.0000
3.0053 0.0000
3.0057 0.0000
3.0061 0.0000
3.0065 0.0000
3.0069 0.0000
3.0073 0.0000
3.0077 0.0000
3.0081 0.0000
3.0085 0.0000
3.0089 0.0000
3.0093 0.0000
3.0097 0.0000
3.0101 0.0000
3.0105 0.0000
3.0109 0.0000
3.0113 0.0000
3.0117 0.0000
3.0121 0.0000
3.0125 0.0000
3.0129 0.0000
3.0133 0.0000
3.0137 0.0000
3.0141 0.0000
3.0145 0.0000
3.0149 0.0000
3.0153 0.0000
3.0157 0.0000
3.0161 0.0000
3.0165 0.0000
3.0169 0.0000
3.0173 0.0000
3.0177 0.0000
3.0181 0.0000
3.0185 0.0000
3.0189 0.0000
3.0193 0.0000
3.0197 0.0000
3.0201 0.0000
3.0205 0.0000
3.0209 0.0000
3.0213 0.0000
3.0217 0.0000
3.0221 0.0000
3.0225 0.0000
3.0229 0.0000
3.0233 0.0000
3.0237 0.0000
3.0241 0.0000
3.0245 0.0000
3.0249 0.0000
3.0253 0.0000
3.0257 0.0000
3.0261 0.0000
3.0265 0.0000
3.0269 0.0000
3.0273 0.0000
3.0277 0.0000
3.0281 0.0000
3.0285 0.0000
3.0289 0.0000
3.0293 0.0000
3.0297 0.0000
3.0301 0.0000
3.0305 0.0000
3.0309 0.0000
3.0313 0.0000
3.0317 0.0000
3.0321 0.0000
3.0325 0.0000
3.0329 0.0000
3.0333 0.0000
3.0337 0.0000
3.0341 0.0000
3.0345 0.0000
3.0349 0.0000
3.0353 0.0000
3.0357 0.0000
3.0361 0.0000
3.0365 0.0000
3.0369 0.0000
3.0373 0.0000
3.0377 0.0000
3.0381 0.0000
3.0385 0.0000
3.0389 0.0000
3.0393 0.0000
3.0397 0.0000
3.0401 0.0000
3.0405 0.0000
3.0409 0.0000
3.0413 0.0000
3.0417 0.0000
3.0421 0.0000
3.0425 0.0000
3.0429 0.0000
3.0433 0.0000
3.0437 0.0000
3.0441 0.0000
3.0445 0.0000
3.0449 0.0000
3.0453 0.0000
3.0457 0.0000
3.0461 0.0000
3.0465 0.0000
3.0469 0.0000
3.0473 0.0000
3.0477 0.0000
3.0481 0.0000
3.0485 0.0000
3.0489 0.0000
3.0493 0.0000
3.0497 0.0000
3.0501 0.0000
3.0505 0.0000
3.0509 0.0000
3.0513 0.0000
3.0517 0.0000
3.0521 0.0000
3.0525 0.0000
3.0529 0.0000
3.0533 0.0000
3.0537 0.0000
3.0541 0.0000
3.0545 0.0000
3.0549 0.0000
3.0553 0.0000
3.0557 0.0000
3.0561 0.0000
3.0565 0.0000
3.0569 0.0000
3.0573 0.0000
3.0577 0.0000
3.0581 0.0000
3.0585 0.0000
3.0589 0.0000
3.0593 0.0000
3.0597 0.0000
3.0601 0.0000
3.0605 0.0000
3.0609 0.0000
3.0613 0.0000
3.0617 0.0000
3.0621 0.0000
3.0625 0.0000
3.0629 0.0000
3.0633 0.0000
3.0637 0.0000
3.0641 0.0000
3.0645 0.0000
3.0649 0.0000
3.0653 0.0000
3.0657 0.0000
3.0661 0.0000
3.0665 0.0000
3.0669 0.0000
3.0673 0.0000
3.0677 0.0000
3.0681 0.0000
3.0685 0.0000
3.0689 0.0000
3.0693 0.0000
3.0697 0.0000
3.0701 0.0000
3.0705 0.0000
3.0709 0.0000
3.0713 0.0000
3.0717 0.0000
3.0721 0.0000
3.0725 0.0000
3.0729 0.0000
3.0733 0.0000
3.0737 0.0000
3.0741 0.0000
3.0745 0.0000
3.0749 0.0000
3.0753 0.0000
3.0757 0.0000
3.0761 0.0000
3.0765 0.0000
3.0769 0.0000
3.0773 0.0000
3.0777 0.0000
3.0781 0.0000
3.0785 0.0000
3.0789 0.0000
3.0793 0.0000
3.0797 0.0000
3.0801 0.0000
3.0805 0.0000
3.0809 0.0000
3.0813 0.0000
3.0817 0.0000
3.0821 0.0000
3.0825 0.0000
3.0829 0.0000
3.0833 0.0000
3.0837 0.0000
3.0841 0.0000
3.0845 0.0000
3.0849 0.0000
3.0853 0.0000
3.0857 0.0000
3.0861 0.0000
3.0865 0.0000
3.0869 0.0000
3.0873 0.0000
3.0877 0.0000
3.0881 0.0000
3.0885 0.0000
3.0889 0.0000
3.0893 0.0000
3.0897 0.0000
3.0901 0.0000
3.0905 0.0000
3.0909 0.0000
3.0913 0.0000
3.0917 0.0000
3.0921 0.0000
3.0925 0.0000
3.0929 0.0000
3.0933 0.0000
3.0937 0.0000
3.0941 0.0000
3.0945 0.0000
3.0949 0.0000
3.0953 0.0000
3.0957 0.0000
3.0961 0.0000
3.0965 0.0000
3.0969 0.0000
3.0973 0.0000
3.0977 0.0000
3.0981 0.0000
3.0985 0.0000
3.0989 0.0000
3.0993 0.0000
3.0997 0.0000
3.1001 0.0000
3.1005 0.0000
3.1009 0.0000
3.1013 0.0000
3.1017 0.0000
3.1021 0.0000
3.1025 0.0000
3.1029 0.0000
3.1033 0.0000
3.1037 0.0000
3.1041 0.0000
3.1045 0.0000
3.1049 0.0000
3.1053 0.0000
3.1057 0.0000
3.1061 0.0000
3.1065 0.0000
3.1069 0.0000
3.1073 0.0000
3.1077 0.0000
3.1081 0.0000
3.1085 0.0000
3.1089 0.0000
3.1093 0.0000
3.1097 0.0000
3.1101 0.0000
3.1105 0.0000
3.1109 0.0000
3.1113 0.0000
3.1117 0.0000
3.1121 0.0000
3.1125 0.0000
3.1129 0.0000
3.1133 0.0000
3.1137 0.0000
3.1141 0.0000
3.1145 0.0000
3.1149 0.0000
3.1153 0.0000
3.1157 0.0000
3.1161 0.0000
3.1165 0.0000
3.1169 0.0000
3.1173 0.0000
3.1177 0.0000
3.1181 0.0000
3.1185 0.0000
3.1189 0.0000
3.1193 0.0000
3.1197 0.0000
3.1201 0.0000
3.1205 0.0000
3.1209 0.0000
3.1213 0.0000
3.1217 0.0000
3.1221 0.0000
3.1225 0.0000
3.1229 0.0000
3.1233 0.0000
3.1237 0.0000
3.1241 0.0000
3.1245 0.0000
3.1249 0.0000
3.1253 0.0000
3.1257 0.0000
3.1261 0.0000
3.1265 0.0000
3.1269 0.0000
3.1273 0.0000
3.1277 0.0000
3.1281 0.0000
3.1285 0.0000
3.1289 0.0000
3.1293 0.0000
3.1297 0.0000
3.1301 0.0000
3.1305 0.0000
3.1309 0.0000
3.1313 0.0000
3.1317 0.0000
3.1321 0.0000
3.1325 0.0000
3.1329 0.0000
3.1333 0.0000
3.1337 0.0000
3.1341 0.0000
3.1345 0.0000
3.1349 0.0000
3.1353 0.0000
3.1357 0.0000
3.1361 0.0000
3.1365 0.0000
3.1369 0.0000
3.1373 0.0000
3.1377 0.0000
3.1381 0.0000
3.1385 0.0000
3.1389 0.0000
3.1393 0.0000
3.1397 0.0000
3.1401 0.0000
3.1405 0.0000
3.1409 0.0000
3.1413 0.0000
3.1417 0.0000
3.1421 0.0000
3.1425 0.0000
3.1429 0.0000
3.1433 0.0000
3.1437 0.0000
3.1441 0.0000
3.1445 0.0000
3.1449 0.0000
3.1453 0.0000
3.1457 0.0000
3.1461 0.0000
3.1465 0.0000
3.1469 0.0000
3.1473 0.0000
3.1477 0.0000
3.1481 0.0000
3.1485 0.0000
3.1489 0.0000
3.1493 0.0000
3.1497 0.0000
3.1501 0.0000
3.1505 0.0000
3.1509 0.0000
3.1513 0.0000
3.1517 0.0000
3.1521 0.0000
3.1525 0.0000
3.1529 0.0000
3.1533 0.0000
3.1537 0.0000
3.1541 0.0000
3.1545 0.0000
3.1549 0.0000
3.1553 0.0000
3.1557 0.0000
3.1561 0.0000
3.1565 0.0000
3.1569 0.0000
3.1573 0.0000
3.1577 0.0000
3.1581 0.0000
3.1585 0.0000
3.1589 0.0000
3.1593 0.0000
3.1597 0.0000
3.1601 0.0000
3.1605 0.0000
3.1609 0.0000
3.1613 0.0000
3.1617 0.0000
3.1621 0.0000
3.1625 0.0000
3.1629 0.0000
3.1633 0.0000
3.1637 0.0000
3.1641 0.0000
3.1645 0.0000
3.1649 0.0000
3.1653 0.0000
3.1657 0.0000
3.1661 0.0000
3.1665 0.0000
3.1669 0.0000
3.1673 0.0000
3.1677 0.0000
3.1681 0.0000
3.1685 0.0000
3.1689 0.0000
3.1693 0.0000
3.1697 0.0000
3.1701 0.0000
3.1705 0.0000
3.1709 0.0000
3.1713 0.0000
3.1717 0.0000
3.1721 0.0000
3.1725 0.0000
3.1729 0.0000
3.1733 0.0000
3.1737 0.0000
3.1741 0.0000
3.1745 0.0000
3.1749 0.0000
3.1753 0.0000
3.1757 0.0000
3.1761 0.0000
3.1765 0.0000
3.1769 0.0000
3.1773 0.0000
3.1777 0.0000
3.1781 0.0000
3.1785 0.0000
3.1789 0.0000
3.1793 0.0000
3.1797 0.0000
3.1801 0.0000
3.1805 0.0000
3.1809 0.0000
3.1813 0.0000
3.1817 0.0000
3.1821 0.0000
3.1825 0.0000
3.1829 0.0216
3.1833 0.0216
3.1837 0.0216
3.1841 0.0216
3.1845 0.0216
3.1849 0.0216
3.1853 0.0216
3.1857 0.0216
3.1861 0.0216
3.1865 0.0216
3.1869 0.0216
3.1873 0.0216
3.1877 0.0216
3.1881 0.0216
3.1885 0.0216
3.1889 0.0216
3.1893 0.0216
3.1897 0.0216
3.1901 0.0216
3.1905 0.0216
3.1909 0.0216
3.1913 0.0216
3.1917 0.0216
3.1921 0.0216
3.1925 0.0216
3.1929 0.0216
3.1933 0.0216
3.1937 0.0216
3.1941 0.0216
3.1945 0.0216
3.1949 0.0216
3.1953 0.0216
3.1957 0.0216
3.1961 0.0216
3.1965 0.0216
3.1969 0.0216
3.1973 0.0216
3.1977 0.0216
3.1981 0.0216
3.1985 0.0216
3.1989 0.0216
3.1993 0.0216
3.1997 0.0216
3.2001 0.0216
3.2005 0.0216
3.2009 0.0216
3.2013 0.0216
3.2017 0.0216
3.2021 0.0216
3.2025 0.0216
3.2029 0.0432
3.2033 0.0432
3.2037 0.0432
3.2041 0.0432
3.2045 0.0432
3.2049 0.0432
3.2053 0.0432
3.2057 0.0432
3.2061 0.0432
3.2065 0.0432
3.2069 0.0432
3.2073 0.0432
3.2077 0.0432
3.2081 0.0432
3.2085 0.0432
3.2089 0.0432
3.2093 0.0432
3.2097 0.0432
3.2101 0.0432
3.2105 0.0432
3.2109 0.0432
3.2113 0.0432
3.2117 0.0432
3.2121 0.0432
3.2125 0.0432
3.2129 0.0648
3.2133 0.0648
3.2137 0.0648
3.2141 0.0648
3.2145 0.0648
3.2149 0.0648
3.2153 0.0648
3.2157 0.0648
3.2161 0.0648
3.2165 0.0648
3.2169 0.0648
3.2173 0.0648
3.2177 0.0648
3.2181 0.0648
3.2185 0.0648
3.2189 0.0648
3.2193 0.0648
3.2197 0.0648
3.2201 0.0864
3.2205 0.0864
3.2209 0.0864
3.2213 0.0864
3.2217 0.0864
3.2221 0.0864
3.2225 0.0864
3.2229 0.0864
3.2233 0.0864
3.2237 0.0864
3.2241 0.0864
3.2245 0.0864
3.2249 0.0864
3.2253 0.0864
3.2257 0.1080
3.2261 0.1080
3.2265 0.1080
3.2269 0.1080
3.2273 0.1080
3.2277 0.1080
3.2281 0.1080
3.2285 0.1080
3.2289 0.1080
3.2293 0.1080
3.2297 0.1080
3.2301 0.1296
3.2305 0.1296
3.2309 0.1296
3.2313 0.1296
3.2317 0.1296
3.2321 0.1296
3.2325 0.1296
3.2329 0.1296
3.2333 0.1296
3.2337 0.1512
3.2341 0.1512
3.2345 0.1512
3.2349 0.1512
3.2353 0.1512
3.2357 0.1512
3.2361 0.1512
3.2365 0.1512
3.2369 0.1512
3.2373 0.1728
3.2377 0.1728
3.2381 0.1728
3.2385 0.1728
3.2389 0.1728
3.2393 0.1728
3.2397 0.1728
3.2401 0.1944
3.2405 0.1944
3.2409 0.1944
3.2413 0.1944
3.2417 0.1944
3.2421 0.1944
3.2425 0.1944
3.2429 0.2160
3.2433 0.2160
3.2437 0.2160
3.2441 0.2160
3.2445 0.2160
3.2449 0.2160
3.2453 0.2376
3.2457 0.2376
3.2461 0.2376
3.2465 0.2376
3.2469 0.2376
3.2473 0.2376
3.2477 0.2592
3.2481 0.2592
3.2485 0.2592
3.2489 0.2592
3.2493 0.2592
3.2497 0.2808
3.2502 0.2808
3.2506 0.2808
3.2510 0.2808
3.2514 0.2808
3.2518 0.3024
3.2522 0.3024
3.2526 0.3024
3.2530 0.3024
3.2534 0.3024
3.2538 0.3240
3.2542 0.3240
3.2546 0.3240
3.2550 0.3240
3.2554 0.3456
3.2558 0.3456
3.2562 0.3456
3.2566 0.3456
3.2570 0.3672
3.2574 0.3672
3.2578 0.3672
3.2582 0.3672
3.2586 0.3888
3.2590 0.3888
3.2594 0.3888
3.2598 0.3888
3.2602 0.4104
3.2606 0.4104
3.2610 0.4104
3.2614 0.4104
3.2618 0.4320
3.2622 0.4320
3.2626 0.4320
3.2630 0.4536
3.2634 0.4536
3.2638 0.4536
3.2642 0.4536
3.2646 0.4752
3.2650 0.4752
3.2654 0.4752
3.2658 0.4968
3.2662 0.4968
3.2666 0.4968
3.2670 0.5184
3.2674 0.5184
3.2678 0.5184
3.2682 0.5400
3.2686 0.5400
3.2690 0.5400
3.2694 0.5616
3.2698 0.5616
3.2702 0.5616
3.2706 0.5832
3.2710 0.5832
3.2714 0.5832
3.2718 0.6048
3.2722 0.6048
3.2726 0.6048
3.2730 0.6264
3.2734 0.6264
3.2738 0.6480
3.2742 0.6480
3.2746 0.6480
3.2750 0.6696
3.2754 0.6696
3.2758 0.6912
3.2762 0.6912
3.2766 0.6912
3.2770 0.7128
3.2774 0.7128
3.2778 0.7344
3.2782 0.7344
3.2786 0.7344
3.2790 0.7560
3.2794 0.7560
3.2798 0.7776
3.2802 0.7776
3.2806 0.7992
3.2810 0.7992
3.2814 0.8208
3.2818 0.8208
3.2822 0.8208
3.2826 0.8424
3.2830 0.8424
3.2834 0.8640
3.2838 0.8640
3.2842 0.8856
3.2846 0.8856
3.2850 0.9072
3.2854 0.9072
3.2858 0.9288
3.2862 0.9288
3.2866 0.9504
3.2870 0.9504
3.2874 0.9720
3.2878 0.9720
3.2882 0.9936
3.2886 0.9936
3.2890 1.0152
3.2894 1.0152
3.2898 1.0368
3.2902 1.0584
3.2906 1.0584
3.2910 1.0800
3.2914 1.0800
3.2918 1.1016
3.2922 1.1016
3.2926 1.1232
3.2930 1.1232
3.2934 1.1448
3.2938 1.1664
3.2942 1.1664
3.2946 1.1880
3.2950 1.1880
3.2954 1.2096
3.2958 1.2312
3.2962 1.2312
3.2966 1.2528
3.2970 1.2528
3.2974 1.2744
3.2978 1.2960
3.2982 1.2960
3.2986 1.3176
3.2990 1.3176
3.2994 1.3392
3.2998 1.3608
3.3002 1.3608
3.3006 1.3824
3.3010 1.4040
3.3014 1.4040
3.3018 1.4256
3.3022 1.4472
3.3026 1.4472
3.3030 1.4688
3.3034 1.4904
3.3038 1.4904
3.3042 1.5120
3.3046 1.5336
3.3050 1.5336
3.3054 1.5552
3.3058 1.5768
3.3062 1.5768
3.3066 1.5984
3.3070 1.6200
3.3074 1.6416
3.3078 1.6416
3.3082 1.6632
3.3086 1.6848
3.3090 1.6848
3.3094 1.7064
3.3098 1.7280
3.3102 1.7496
3.3106 1.7496
3.3110 1.7712
3.3114 1.7928
3.3118 1.8144
3.3122 1.8144
3.3126 1.8360
3.3130 1.8576
3.3134 1.8792
3.3138 1.8792
3.3142 1.9008
3.3146 1.9224
3.3150 1.9440
3.3154 1.9656
3.3158 1.9656
3.3162 1.9872
3.3166 2.0088
3.3170 2.0304
3.3174 2.0520
3.3178 2.0520
3.3182 2.0736
3.3186 2.0952
3.3190 2.1168
3.3194 2.1384
3.3198 2.1384
3.3202 2.1600
3.3206 2.1816
3.3210 2.2032
3.3214 2.2248
3.3218 2.2464
3.3222 2.2464
3.3226 2.2680
3.3230 2.2896
3.3234 2.3112
3.3238 2.3328
3.3242 2.3544
3.3246 2.3544
3.3250 2.3760
3.3254 2.3976
3.3258 2.4192
3.3262 2.4408
3.3266 2.4624
3.3270 2.4840
3.3274 2.4840
3.3278 2.5056
3.3282 2.5272
3.3286 2.5488
3.3290 2.5704
3.3294 2.5920
3.3298 2.6136
3.3302 2.6352
3.3306 2.6568
3.3310 2.6568
3.3314 2.6784
3.3318 2.7000
3.3322 2.7216
3.3326 2.7432
3.3330 2.7648
3.3334 2.7864
3.3338 2.8080
3.3342 2.8296
3.3346 2.8512
3.3350 2.8512
3.3354 2.8728
3.3358 2.8944
3.3362 2.9160
3.3366 2.9376
3.3370 2.9592
3.3374 2.9808
3.3378 3.0024
3.3382 3.0240
3.3386 3.0456
3.3390 3.0672
3.3394 3.0888
3.3398 3.0888
3.3402 3.1104
3.3406 3.1320
3.3410 3.1536
3.3414 3.1752
3.3418 3.1968
3.3422 3.2184
3.3426 3.2400
3.3430 3.2616
3.3434 3.2832
3.3438 3.3048
3.3442 3.3264
3.3446 3.3480
3.3450 3.3696
3.3454 3.3912
3.3458 3.4128
3.3462 3.4344
3.3466 3.4560
3.3470 3.4560
3.3474 3.4776
3.3478 3.4992
3.3482 3.5208
3.3486 3.5424
3.3490 3.5640
3.3494 3.5856
3.3498 3.6072
3.3502 3.6288
3.3506 3.6504
3.3510 3.6720
3.3514 3.6936
3.3518 3.7152
3.3522 3.7368
3.3526 3.7584
3.3530 3.7800
3.3534 3.8016
3.3538 3.8232
3.3542 3.8448
3.3546 3.8664
3.3550 3.8880
3.3554 3.9096
3.3558 3.9312
3.3562 3.9528
3.3566 3.9744
3.3570 3.9960
3.3574 4.0176
3.3578 4.0392
3.3582 4.0608
3.3586 4.0608
3.3590 4.0824
3.3594 4.1040
3.3598 4.1256
3.3602 4.1472
3.3606 4.1688
3.3610 4.1904
3.3614 4.2120
3.3618 4.2336
3.3622 4.2552
3.3626 4.2768
3.3630 4.2984
3.3634 4.3200
3.3638 4.3416
3.3642 4.3632
3.3646 4.3848
3.3650 4.4064
3.3654 4.4280
3.3658 4.4496
3.3662 4.4712
3.3666 4.4928
3.3670 4.5144
3.3674 4.5360
3.3678 4.5576
3.3682 4.5792
3.3686 4.6008
3.3690 4.6224
3.3694 4.6440
3.3698 4.6656
3.3702 4.6872
3.3706 4.7088
3.3710 4.7304
3.3714 4.7520
3.3718 4.7736
3.3722 4.7952
3.3726 4.8168
3.3730 4.8384
3.3734 4.8600
3.3738 4.8816
3.3742 4.9032
3.3746 4.9248
3.3750 4.9464
3.3754 4.9680
3.3758 4.9896
3.3762 5.0112
3.3766 5.0328
3.3770 5.0544
3.3774 5.0760
3.3778 5.0976
3.3782 5.1192
3.3786 5.1408
3.3790 5.1624
3.3794 5.1840
3.3798 5.2056
3.3802 5.2272
3.3806 5.2488
3.3810 5.2704
3.3814 5.2920
3.3818 5.3136
3.3822 5.3352
3.3826 5.3568
3.3830 5.3784
3.3834 5.4000
3.3838 5.4216
3.3842 5.4432
3.3846 5.4648
3.3850 5.4864
3.3854 5.5080
3.3858 5.5296
3.3862 5.5512
3.3866 5.5728
3.3870 5.6160
3.3874 5.6376
3.3878 5.6592
3.3882 5.6808
3.3886 5.7024
3.3890 5.7240
3.3894 5.7456
3.3898 5.7672
3.3902 5.7888
3.3906 5.8104
3.3910 5.8320
3.3914 5.8536
3.3918 5.8752
3.3922 5.8968
3.3926 5.9184
3.3930 5.9400
3.3934 5.9832
3.3938 6.0048
3.3942 6.0264
3.3946 6.0480
3.3950 6.0696
3.3954 6.0912
3.3958 6.1128
3.3962 6.1344
3.3966 6.1560
3.3970 6.1776
3.3974 6.2208
3.3978 6.2424
3.3982 6.2640
3.3986 6.2856
3.3990 6.3072
3.3994 6.3288
3.3998 6.3504
3.4002 6.3936
3.4006 6.4152
3.4010 6.4368
3.4014 6.4584
3.4018 6.4800
3.4022 6.5016
3.4026 6.5232
3.4030 6.5664
3.4034 6.5880
3.4038 6.6096
3.4042 6.6312
3.4046 6.6528
3.4050 6.6960
3.4054 6.7176
3.4058 6.7392
3.4062 6.7608
3.4066 6.7824
3.4070 6.8256
3.4074 6.8472
3.4078 6.8688
3.4082 6.8904
3.4086 6.9336
3.4090 6.9552
3.4094 6.9768
3.4098 6.9984
3.4102 7.0416
3.4106 7.0632
3.4110 7.0848
3.4114 7.1064
3.4118 7.1496
3.4122 7.1712
3.4126 7.1928
3.4130 7.2360
3.4134 7.2576
3.4138 7.2792
3.4142 7.3224
3.4146 7.3440
3.4150 7.3656
3.4154 7.4088
3.4158 7.4304
3.4162 7.4520
3.4166 7.4952
3.4170 7.5168
3.4174 7.5600
3.4178 7.5816
3.4182 7.6032
3.4186 7.6464
3.4190 7.6680
3.4194 7.7112
3.4198 7.7328
3.4202 7.7544
3.4206 7.7976
3.4210 7.8192
3.4214 7.8624
3.4218 7.8840
3.4222 7.9272
3.4226 7.9488
3.4230 7.9920
3.4234 8.0136
3.4238 8.0568
3.4242 8.0784
3.4246 8.1216
3.4250 8.1432
3.4254 8.1864
3.4258 8.2080
3.4262 8.2512
3.4266 8.2728
3.4270 8.3160
3.4274 8.3592
3.4278 8.3808
3.4282 8.4240
3.4286 8.4456
3.4290 8.4888
3.4294 8.5320
3.4298 8.5536
3.4302 8.5968
3.4306 8.6184
3.4310 8.6616
3.4314 8.7048
3.4318 8.7264
3.4322 8.7696
3.4326 8.8128
3.4330 8.8344
3.4334 8.8776
3.4338 8.9208
3.4342 8.9640
3.4346 8.9856
3.4350 9.0288
3.4354 9.0720
3.4358 9.1152
3.4362 9.1368
3.4366 9.1800
3.4370 9.2232
3.4374 9.2664
3.4378 9.2880
3.4382 9.3312
3.4386 9.3744
3.4390 9.4176
3.4394 9.4608
3.4398 9.5040
3.4402 9.5256
3.4406 9.5688
3.4410 9.6120
3.4414 9.6552
3.4418 9.6984
3.4422 9.7416
3.4426 9.7848
3.4430 9.8280
3.4434 9.8712
3.4438 9.9144
3.4442 9.9576
3.4446 10.0008
3.4450 10.0440
3.4454 10.0872
3.4458 10.1088
3.4462 10.1520
3.4466 10.1952
3.4470 10.2600
3.4474 10.3032
3.4478 10.3464
3.4482 10.3896
3.4486 10.4328
3.4490 10.4760
3.4494 10.5192
3.4498 10.5624
3.4502 10.6056
3.4506 10.6488
3.4510 10.6920
3.4514 10.7352
3.4518 10.7784
3.4522 10.8432
3.4526 10.8864
3.4530 10.9296
3.4534 10.9728
3.4538 11.0160
3.4542 11.0592
3.4546 11.1240
3.4550 11.1672
3.4554 11.2104
3.4558 11.2536
3.4562 11.2968
3.4566 11.3616
3.4570 11.4048
3.4574 11.4480
3.4578 11.4912
3.4582 11.5560
3.4586 11.5992
3.4590 11.6424
3.4594 11.7072
3.4598 11.7504
3.4602 11.7936
3.4606 11.8584
3.4610 11.9016
3.4614 11.9448
3.4618 12.0096
3.4622 12.0528
3.4626 12.0960
3.4630 12.1608
3.4634 12.2040
3.4638 12.2688
3.4642 12.3120
3.4646 12.3552
3.4650 12.4200
3.4654 12.4632
3.4658 12.5280
3.4662 12.5712
3.4666 12.6360
3.4670 12.6792
3.4674 12.7440
3.4678 12.7872
3.4682 12.8304
3.4686 12.8952
3.4690 12.9384
3.4694 13.0032
3.4698 13.0680
3.4702 13.1112
3.4706 13.1760
3.4710 13.2192
3.4714 13.2840
3.4718 13.3272
3.4722 13.3920
3.4726 13.4352
3.4730 13.5000
3.4734 13.5648
3.4738 13.6080
3.4742 13.6728
3.4746 13.7160
3.4750 13.7808
3.4754 13.8456
3.4758 13.8888
3.4762 13.9536
3.4766 14.0184
3.4770 14.0616
3.4774 14.1264
3.4778 14.1912
3.4782 14.2344
3.4786 14.2992
3.4790 14.3640
3.4794 14.4072
3.4798 14.4720
3.4802 14.5368
3.4806 14.5800
3.4810 14.6448
3.4814 14.7096
3.4818 14.7744
3.4822 14.8176
3.4826 14.8824
3.4830 14.9472
3.4834 15.0120
3.4838 15.0552
3.4842 15.1200
3.4846 15.1848
3.4850 15.2496
3.4854 15.3144
3.4858 15.3576
3.4862 15.4224
3.4866 15.4872
3.4870 15.5520
3.4874 15.6168
3.4878 15.6600
3.4882 15.7248
3.4886 15.7896
3.4890 15.8544
3.4894 15.9192
3.4898 15.9840
3.4902 16.0488
3.4906 16.0920
3.4910 16.1568
3.4914 16.2216
3.4918 16.2864
3.4922 16.3512
3.4926 16.4160
3.4930 16.4808
3.4934 16.5456
3.4938 16.6104
3.4942 16.6752
3.4946 16.7184
3.4950 16.7832
3.4954 16.8480
3.4958 16.9128
3.4962 16.9776
3.4966 17.0424
3.4970 17.1072
3.4974 17.1720
3.4978 17.2368
3.4982 17.3016
3.4986 17.3664
3.4990 17.4312
3.4994 17.4960
3.4998 17.5608
3.5002 17.6256
3.5006 17.6904
3.5010 17.7552
3.5014 17.8200
3.5018 17.8848
3.5022 17.9496
3.5026 18.0144
3.5030 18.0792
3.5034 18.1440
3.5038 18.2088
3.5042 18.2736
3.5046 18.3600
3.5050 18.4248
3.5054 18.4896
3.5058 18.5544
3.5062 18.6192
3.5066 18.6840
3.5070 18.7488
3.5074 18.8136
3.5078 18.8784
3.5082 18.9432
3.5086 19.0296
3.5090 19.0944
3.5094 19.1592
3.5098 19.2240
3.5102 19.2888
3.5106 19.3536
3.5110 19.4184
3.5114 19.5048
3.5118 19.5696
3.5122 19.6344
3.5126 19.6992
3.5130 19.7640
3.5134 19.8288
3.5138 19.9152
3.5142 19.9800
3.5146 20.0448
3.5150 20.1096
3.5154 20.1744
3.5158 20.2608
3.5162 20.3256
3.5166 20.3904
3.5170 20.4552
3.5174 20.5416
3.5178 20.6064
3.5182 20.6712
3.5186 20.7360
3.5190 20.8224
3.5194 20.8872
3.5198 20.9520
3.5202 21.0384
3.5206 21.1032
3.5210 21.1680
3.5214 21.2328
3.5218 21.3192
3.5222 21.3840
3.5226 21.4488
3.5230 21.5352
3.5234 21.6000
3.5238 21.6648
3.5242 21.7512
3.5246 21.8160
3.5250 21.9024
3.5254 21.9672
3.5258 22.0320
3.5262 22.1184
3.5266 22.1832
3.5270 22.2696
3.5274 22.3344
3.5278 22.3992
3.5282 22.4856
3.5286 22.5504
3.5290 22.6368
3.5294 22.7016
3.5298 22.7880
3.5302 22.8528
3.5306 22.9392
3.5310 23.0040
3.5314 23.0904
3.5318 23.1552
3.5322 23.2416
3.5326 23.3064
3.5330 23.3928
3.5334 23.4576
3.5338 23.5440
3.5342 23.6088
3.5346 23.6952
3.5350 23.7600
3.5354 23.8464
3.5358 23.9328
3.5362 23.9976
3.5366 24.0840
3.5370 24.1704
3.5374 24.2352
3.5378 24.3216
3.5382 24.3864
3.5386 24.4728
3.5390 24.5592
3.5394 24.6240
3.5398 24.7104
3.5402 24.7968
3.5406 24.8832
3.5410 24.9480
3.5414 25.0344
3.5418 25.1208
3.5422 25.2072
3.5426 25.2720
3.5430 25.3584
3.5434 25.4448
3.5438 25.5312
3.5442 25.6176
3.5446 25.6824
3.5450 25.7688
3.5454 25.8552
3.5458 25.9416
3.5462 26.0280
3.5466 26.1144
3.5470 26.2008
3.5474 26.2872
3.5478 26.3736
3.5482 26.4600
3.5486 26.5248
3.5490 26.6112
3.5494 26.6976
3.5498 26.7840
3.5502 26.8704
3.5506 26.9568
3.5510 27.0432
3.5514 27.1512
3.5518 27.2376
3.5522 27.3240
3.5526 27.4104
3.5530 27.4968
3.5534 27.5832
3.5538 27.6696
3.5542 27.7560
3.5546 27.8424
3.5550 27.9504
3.5554 28.0368
3.5558 28.1232
3.5562 28.2096
3.5566 28.3176
3.5570 28.4040
3.5574 28.4904
3.5578 28.5768
3.5582 28.6848
3.5586 28.7712
3.5590 28.8576
3.5594 28.9656
3.5598 29.0520
3.5602 29.1384
3.5606 29.2464
3.5610 29.3328
3.5614 29.4408
3.5618 29.5272
3.5622 29.6352
3.5626 29.7216
3.5630 29.8296
3.5634 29.9160
3.5638 30.0240
3.5642 30.1104
3.5646 30.2184
3.5650 30.3048
3.5654 30.4128
3.5658 30.5208
3.5662 30.6072
3.5666 30.7152
3.5670 30.8232
3.5674 30.9096
3.5678 31.0176
3.5682 31.1256
3.5686 31.2336
3.5690 31.3200
3.5694 31.4280
3.5698 31.5360
3.5702 31.6440
3.5706 31.7520
3.5710 31.8384
3.5714 31.9464
3.5718 32.0544
3.5722 32.1624
3.5726 32.2704
3.5730 32.3784
3.5734 32.4864
3.5738 32.5944
3.5742 32.7024
3.5746 32.8104
3.5750 32.9184
3.5754 33.0264
3.5758 33.1344
3.5762 33.2640
3.5766 33.3720
3.5770 33.4800
3.5774 33.5880
3.5778 33.6960
3.5782 33.8256
3.5786 33.9336
3.5790 34.0416
3.5794 34.1496
3.5798 34.2792
3.5802 34.3872
3.5806 34.4952
3.5810 34.6248
3.5814 34.7328
3.5818 34.8624
3.5822 34.9704
3.5826 35.0784
3.5830 35.2080
3.5834 35.3160
3.5838 35.4456
3.5842 35.5752
3.5846 35.6832
3.5850 35.8128
3.5854 35.9208
3.5858 36.0504
3.5862 36.1800
3.5866 36.2880
3.5870 36.4176
3.5874 36.5472
3.5878 36.6768
3.5882 36.7848
3.5886 36.9144
3.5890 37.0440
3.5894 37.1736
3.5898 37.3032
3.5902 37.4328
3.5906 37.5408
3.5910 37.6704
3.5914 37.8000
3.5918 37.9296
3.5922 38.0592
3.5926 38.1888
3.5930 38.3184
3.5934 38.4480
3.5938 38.5776
3.5942 38.7288
3.5946 38.8584
3.5950 38.9880
3.5954 39.1176
3.5958 39.2472
3.5962 39.3768
3.5966 39.5280
3.5970 39.6576
3.5974 39.7872
3.5978 39.9384
3.5982 40.0680
3.5986 40.1976
3.5990 40.3488
3.5994 40.4784
3.5998 40.6296
3.6002 40.7592
3.6006 40.8888
3.6010 41.0400
3.6014 41.1696
3.6018 41.3208
3.6022 41.4720
3.6026 41.6016
3.6030 41.7528
3.6034 41.8824
3.6038 42.0336
3.6042 42.1848
3.6046 42.3144
3.6050 42.4656
3.6054 42.6168
3.6058 42.7680
3.6062 42.8976
3.6066 43.0488
3.6070 43.2000
3.6074 43.3512
3.6078 43.5024
3.6082 43.6536
3.6086 43.8048
3.6090 43.9560
3.6094 44.1072
3.6098 44.2584
3.6102 44.4096
3.6106 44.5608
3.6110 44.7120
3.6114 44.8632
3.6118 45.0144
3.6122 45.1656
3.6126 45.3168
3.6130 45.4680
3.6134 45.6192
3.6138 45.7920
3.6142 45.9432
3.6146 46.0944
3.6150 46.2456
3.6154 46.4184
3.6158 46.5696
3.6162 46.7208
3.6166 46.8936
3.6170 47.0448
3.6174 47.1960
3.6178 47.3688
3.6182 47.5200
3.6186 47.6928
3.6190 47.8440
3.6194 48.0168
3.6198 48.1680
3.6202 48.3408
3.6206 48.4920
3.6210 48.6648
3.6214 48.8160
3.6218 48.9888
3.6222 49.1616
3.6226 49.3128
3.6230 49.4856
3.6234 49.6584
3.6238 49.8096
3.6242 49.9824
3.6246 50.1552
3.6250 50.3064
3.6254 50.4792
3.6258 50.6520
3.6262 50.8248
3.6266 50.9976
3.6270 51.1704
3.6274 51.3216
3.6278 51.4944
3.6282 51.6672
3.6286 51.8400
3.6290 52.0128
3.6294 52.1856
3.6298 52.3584
3.6302 52.5312
3.6306 52.7040
3.6310 52.8768
3.6314 53.0496
3.6318 53.2224
3.6322 53.3952
3.6326 53.5680
3.6330 53.7624
3.6334 53.9352
3.6338 54.1080
3.6342 54.2808
3.6346 54.4536
3.6350 54.6480
3.6354 54.8208
3.6358 54.9936
3.6362 55.1664
3.6366 55.3608
3.6370 55.5336
3.6374 55.7064
3.6378 55.8792
3.6382 56.0736
3.6386 56.2464
3.6390 56.4408
3.6394 56.6136
3.6398 56.7864
3.6402 56.9808
3.6406 57.1536
3.6410 57.3480
3.6414 57.5208
3.6418 57.7152
3.6422 57.8880
3.6426 58.0824
3.6430 58.2552
3.6434 58.4496
3.6438 58.6224
3.6442 58.8168
3.6446 58.9896
3.6450 59.1840
3.6454 59.3784
3.6458 59.5512
3.6462 59.7456
3.6466 59.9400
3.6470 60.1128
3.6474 60.3072
3.6478 60.5016
3.6482 60.6744
3.6486 60.8688
3.6490 61.0632
3.6494 61.2576
3.6498 61.4520
3.6502 61.6248
3.6506 61.8192
3.6510 62.0136
3.6514 62.2080
3.6518 62.4024
3.6522 62.5968
3.6526 62.7696
3.6530 62.9640
3.6534 63.1584
3.6538 63.3528
3.6542 63.5472
3.6546 63.7416
3.6550 63.9360
3.6554 64.1304
3.6558 64.3248
3.6562 64.5192
3.6566 64.7136
3.6570 64.9080
3.6574 65.1024
3.6578 65.2968
3.6582 65.4912
3.6586 65.6856
3.6590 65.8800
3.6594 66.0744
3.6598 66.2904
3.6602 66.4848
3.6606 66.6792
3.6610 66.8736
3.6614 67.0680
3.6618 67.2624
3.6622 67.4784
3.6626 67.6728
3.6630 67.8672
3.6634 68.0616
3.6638 68.2776
3.6642 68.4720
3.6646 68.6664
3.6650 68.8608
3.6654 69.0768
3.6658 69.2712
3.6662 69.4656
3.6666 69.6816
3.6670 69.8760
3.6674 70.0704
3.6678 70.2864
3.6682 70.4808
3.6686 70.6968
3.6690 70.8912
3.6694 71.1072
3.6698 71.3016
3.6702 71.4960
3.6706 71.7120
3.6710 71.9064
3.6714 72.1224
3.6718 72.3168
3.6722 72.5328
3.6726 72.7488
3.6730 72.9432
3.6734 73.1592
3.6738 73.3536
3.6742 73.5696
3.6746 73.7640
3.6750 73.9800
3.6754 74.1960
3.6758 74.3904
3.6762 74.6064
3.6766 74.8224
3.6770 75.0168
3.6774 75.2328
3.6778 75.4488
3.6782 75.6648
3.6786 75.8592
3.6790 76.0752
3.6794 76.2912
3.6798 76.5072
3.6802 76.7232
3.6806 76.9176
3.6810 77.1336
3.6814 77.3496
3.6818 77.5656
3.6822 77.7816
3.6826 77.9976
3.6830 78.2136
3.6834 78.4296
3.6838 78.6456
3.6842 78.8400
3.6846 79.0560
3.6850 79.2720
3.6854 79.4880
3.6858 79.7040
3.6862 79.9200
3.6866 80.1576
3.6870 80.3736
3.6874 80.5896
3.6878 80.8056
3.6882 81.0216
3.6886 81.2376
3.6890 81.4536
3.6894 81.6696
3.6898 81.8856
3.6902 82.1232
3.6906 82.3392
3.6910 82.5552
3.6914 82.7712
3.6918 82.9872
3.6922 83.2248
3.6926 83.4408
3.6930 83.6568
3.6934 83.8944
3.6938 84.1104
3.6942 84.3264
3.6946 84.5640
3.6950 84.7800
3.6954 84.9960
3.6958 85.2336
3.6962 85.4496
3.6966 85.6872
3.6970 85.9032
3.6974 86.1408
3.6978 86.3568
3.6982 86.5728
3.6986 86.8104
3.6990 87.0480
3.6994 87.2640
3.6998 87.5016
3.7002 87.7176
3.7006 87.9552
3.7010 88.1712
3.7014 88.4088
3.7018 88.6464
3.7022 88.8624
3.7026 89.1000
3.7030 89.3376
3.7034 89.5536
3.7038 89.7912
3.7042 90.0288
3.7046 90.2664
3.7050 90.4824
3.7054 90.7200
3.7058 90.9576
3.7062 91.1952
3.7066 91.4328
3.7070 91.6704
3.7074 91.8864
3.7078 92.1240
3.7082 92.3616
3.7086 92.5992
3.7090 92.8368
3.7094 93.0744
3.7098 93.3120
3.7102 93.5496
3.7106 93.7872
3.7110 94.0248
3.7114 94.2624
3.7118 94.5000
3.7122 94.7376
3.7126 94.9752
3.7130 95.2128
3.7134 95.4504
3.7138 95.7096
3.7142 95.9472
3.7146 96.1848
3.7150 96.4224
3.7154 96.6600
3.7158 96.9192
3.7162 97.1568
3.7166 97.3944
3.7170 97.6320
3.7174 97.8912
3.7178 98.1288
3.7182 98.3664
3.7186 98.6040
3.7190 98.8632
3.7194 99.1008
3.7198 99.3600
3.7202 99.5976
3.7206 99.8352
3.7210 100.0944
3.7214 100.3320
3.7218 100.5912
3.7222 100.8288
3.7226 101.0880
3.7230 101.3256
3.7234 101.5848
3.7238 101.8224
3.7242 102.0816
3.7246 102.3192
3.7250 102.5784
3.7254 102.8160
3.7258 103.0752
3.7262 103.3344
3.7266 103.5720
3.7270 103.8312
3.7274 104.0688
3.7278 104.3280
3.7282 104.5872
3.7286 104.8464
3.7290 105.0840
3.7294 105.3432
3.7298 105.6024
3.7302 105.8400
3.7306 106.0992
3.7310 106.3584
3.7314 106.6176
3.7318 106.8768
3.7322 107.1144
3.7326 107.3736
3.7330 107.6328
3.7334 107.8920
3.7338 108.1512
3.7342 108.4104
3.7346 108.6696
3.7350 108.9072
3.7354 109.1664
3.7358 109.4256
3.7362 109.6848
3.7366 109.9440
3.7370 110.2032
3.7374 110.4624
3.7378 110.7216
3.7382 110.9808
3.7386 111.2400
3.7390 111.4992
3.7394 111.7584
3.7398 112.0176
3.7402 112.2768
3.7406 112.5360
3.7410 112.7952
3.7414 113.0544
3.7418 113.3136
3.7422 113.5944
3.7426 113.8536
3.7430 114.1128
3.7434 114.3720
3.7438 114.6312
3.7442 114.8904
3.7446 115.1496
3.7450 115.4304
3.7454 115.6896
3.7458 115.9488
3.7462 116.2080
3.7466 116.4672
3.7470 116.7264
3.7474 117.0072
3.7478 117.2664
3.7482 117.5256
3.7486 117.7848
3.7490 118.0656
3.7494 118.3248
3.7498 118.5840
3.7503 118.8432
3.7507 119.1240
3.7511 119.3832
3.7515 119.6424
3.7519 119.9232
3.7523 120.1824
3.7527 120.4416
3.7531 120.7008
3.7535 120.9816
3.7539 121.2408
3.7543 121.5000
3.7547 121.7808
3.7551 122.0400
3.7555 122.2992
3.7559 122.5800
3.7563 122.8392
3.7567 123.1200
3.7571 123.3792
3.7575 123.6384
3.7579 123.9192
3.7583 124.1784
3.7587 124.4376
3.7591 124.7184
3.7595 124.9776
3.7599 125.2584
3.7603 125.5176
3.7607 125.7768
3.7611 126.0576
3.7615 126.3168
3.7619 126.5976
3.7623 126.8568
3.7627 127.1376
3.7631 127.3968
3.7635 127.6776
3.7639 127.9368
3.7643 128.1960
3.7647 128.4768
3.7651 128.7360
3.7655 129.0168
3.7659 129.2760
3.7663 129.5568
3.7667 129.8160
3.7671 130.0968
3.7675 130.3560
3.7679 130.6368
3.7683 130.8960
3.7687 131.1768
3.7691 131.4360
3.7695 131.7168
3.7699 131.9760
3.7703 132.2568
3.7707 132.5160
3.7711 132.7968
3.7715 133.0560
3.7719 133.3368
3.7723 133.5960
3.7727 133.8768
3.7731 134.1360
3.7735 134.4168
3.7739 134.6760
3.7743 134.9568
3.7747 135.2160
3.7751 135.4968
3.7755 135.7776
3.7759 136.0368
3.7763 136.3176
3.7767 136.5768
3.7771 136.8576
3.7775 137.1168
3.7779 137.3976
3.7783 137.6784
3.7787 137.9376
3.7791 138.2184
3.7795 138.4776
3.7799 138.7584
3.7803 139.0392
3.7807 139.2984
3.7811 139.5792
3.7815 139.8384
3.7819 140.1192
3.7823 140.4000
3.7827 140.6592
3.7831 140.9400
3.7835 141.1992
3.7839 141.4800
3.7843 141.7608
3.7847 142.0200
3.7851 142.3008
3.7855 142.5816
3.7859 142.8408
3.7863 143.1216
3.7867 143.4024
3.7871 143.6616
3.7875 143.9424
3.7879 144.2232
3.7883 144.4824
3.7887 144.7632
3.7891 145.0440
3.7895 145.3248
3.7899 145.5840
3.7903 145.8648
3.7907 146.1456
3.7911 146.4048
3.7915 146.6856
3.7919 146.9664
3.7923 147.2472
3.7927 147.5064
3.7931 147.7872
3.7935 148.0680
3.7939 148.3488
3.7943 148.6296
3.7947 148.8888
3.7951 149.1696
3.7955 149.4504
3.7959 149.7312
3.7963 150.0120
3.7967 150.2928
3.7971 150.5520
3.7975 150.8328
3.7979 151.1136
3.7983 151.3944
3.7987 151.6752
3.7991 151.9560
3.7995 152.2368
3.7999 152.5176
3.8003 152.7984
3.8007 153.0792
3.8011 153.3384
3.8015 153.6192
3.8019 153.9000
3.8023 154.1808
3.8027 154.4616
3.8031 154.7424
3.8035 155.0232
3.8039 155.3040
3.8043 155.6064
3.8047 155.8872
3.8051 156.1680
3.8055 156.4488
3.8059 156.7296
3.8063 157.0104
3.8067 157.2912
3.8071 157.5720
3.8075 157.8528
3.8079 158.1552
3.8083 158.4360
3.8087 158.7168
3.8091 158.9976
3.8095 159.2784
3.8099 159.5808
3.8103 159.8616
3.8107 160.1424
3.8111 160.4448
3.8115 160.7256
3.8119 161.0064
3.8123 161.2872
3.8127 161.5896
3.8131 161.8704
3.8135 162.1728
3.8139 162.4536
3.8143 162.7344
3.8147 163.0368
3.8151 163.3176
3.8155 163.6200
3.8159 163.9008
3.8163 164.2032
3.8167 164.4840
3.8171 164.7864
3.8175 165.0888
3.8179 165.3696
3.8183 165.6720
3.8187 165.9528
3.8191 166.2552
3.8195 166.5576
3.8199 166.8384
3.8203 167.1408
3.8207 167.4432
3.8211 167.7456
3.8215 168.0264
3.8219 168.3288
3.8223 168.6312
3.8227 168.9336
3.8231 169.2360
3.8235 169.5384
3.8239 169.8192
3.8243 170.1216
3.8247 170.4240
3.8251 170.7264
3.8255 171.0288
3.8259 171.3312
3.8263 171.6336
3.8267 171.9360
3.8271 172.2600
3.8275 172.5624
3.8279 172.8648
3.8283 173.1672
3.8287 173.4696
3.8291 173.7720
3.8295 174.0960
3.8299 174.3984
3.8303 174.7008
3.8307 175.0032
3.8311 175.3272
3.8315 175.6296
3.8319 175.9320
3.8323 176.2560
3.8327 176.5584
3.8331 176.8824
3.8335 177.1848
3.8339 177.5088
3.8343 177.8112
3.8347 178.1352
3.8351 178.4376
3.8355 178.7616
3.8359 179.0640
3.8363 179.3880
3.8367 179.7120
3.8371 180.0144
3.8375 180.3384
3.8379 180.6624
3.8383 180.9864
3.8387 181.2888
3.8391 181.6128
3.8395 181.9368
3.8399 182.2608
3.8403 182.5848
3.8407 182.9088
3.8411 183.2328
3.8415 183.5568
3.8419 183.8808
3.8423 184.2048
3.8427 184.5288
3.8431 184.8528
3.8435 185.1768
3.8439 185.5008
3.8443 185.8248
3.8447 186.1488
3.8451 186.4944
3.8455 186.8184
3.8459 187.1424
3.8463 187.4664
3.8467 187.8120
3.8471 188.1360
3.8475 188.4600
3.8479 188.8056
3.8483 189.1296
3.8487 189.4752
3.8491 189.7992
3.8495 190.1448
3.8499 190.4688
3.8503 190.8144
3.8507 191.1384
3.8511 191.4840
3.8515 191.8080
3.8519 192.1536
3.8523 192.4992
3.8527 192.8232
3.8531 193.1688
3.8535 193.5144
3.8539 193.8384
3.8543 194.1840
3.8547 194.5296
3.8551 194.8752
3.8555 195.2208
3.8559 195.5448
3.8563 195.8904
3.8567 196.2360
3.8571 196.5816
3.8575 196.9272
3.8579 197.2728
3.8583 197.6184
3.8587 197.9640
3.8591 198.3096
3.8595 198.6552
3.8599 199.0008
3.8603 199.3464
3.8607 199.6920
3.8611 200.0592
3.8615 200.4048
3.8619 200.7504
3.8623 201.0960
3.8627 201.4416
3.8631 201.7872
3.8635 202.1544
3.8639 202.5000
3.8643 202.8456
3.8647 203.1912
3.8651 203.5584
3.8655 203.9040
3.8659 204.2496
3.8663 204.6168
3.8667 204.9624
3.8671 205.3080
3.8675 205.6752
3.8679 206.0208
3.8683 206.3880
3.8687 206.7336
3.8691 207.1008
3.8695 207.4464
3.8699 207.8136
3.8703 208.1592
3.8707 208.5264
3.8711 208.8720
3.8715 209.2392
3.8719 209.5848
3.8723 209.9520
3.8727 210.2976
3.8731 210.6648
3.8735 211.0104
3.8739 211.3776
3.8743 211.7448
3.8747 212.0904
3.8751 212.4576
3.8755 212.8032
3.8759 213.1704
3.8763 213.5376
3.8767 213.8832
3.8771 214.2504
3.8775 214.6176
3.8779 214.9632
3.8783 215.3304
3.8787 215.6976
3.8791 216.0432
3.8795 216.4104
3.8799 216.7776
3.8803 217.1232
3.8807 217.4904
3.8811 217.8576
3.8815 218.2248
3.8819 218.5704
3.8823 218.9376
3.8827 219.3048
3.8831 219.6504
3.8835 220.0176
3.8839 220.3848
3.8843 220.7520
3.8847 221.0976
3.8851 221.4648
3.8855 221.8320
3.8859 222.1776
3.8863 222.5448
3.8867 222.9120
3.8871 223.2576
3.8875 223.6248
3.8879 223.9920
3.8883 224.3592
3.8887 224.7048
3.8891 225.0720
3.8895 225.4392
3.8899 225.7848
3.8903 226.1520
3.8907 226.5192
3.8911 226.8648
3.8915 227.2320
3.8919 227.5776
3.8923 227.9448
3.8927 228.3120
3.8931 228.6576
3.8935 229.0248
3.8939 229.3704
3.8943 229.7376
3.8947 230.1048
3.8951 230.4504
3.8955 230.8176
3.8959 231.1632
3.8963 231.5304
3.8967 231.8760
3.8971 232.2432
3.8975 232.5888
3.8979 232.9560
3.8983 233.3016
3.8987 233.6472
3.8991 234.0144
3.8995 234.3600
3.8999 234.7272
3.9003 235.0728
3.9007 235.4184
3.9011 235.7856
3.9015 236.1312
3.9019 236.4768
3.9023 236.8440
3.9027 237.1896
3.9031 237.5352
3.9035 237.8808
3.9039 238.2480
3.9043 238.5936
3.9047 238.9392
3.9051 239.2848
3.9055 239.6304
3.9059 239.9760
3.9063 240.3432
3.9067 240.6888
3.9071 241.0344
3.9075 241.3800
3.9079 241.7256
3.9083 242.0712
3.9087 242.4168
3.9091 242.7624
3.9095 243.1080
3.9099 243.4320
3.9103 243.7776
3.9107 244.1232
3.9111 244.4688
3.9115 244.8144
3.9119 245.1600
3.9123 245.4840
3.9127 245.8296
3.9131 246.1752
3.9135 246.5208
3.9139 246.8448
3.9143 247.1904
3.9147 247.5144
3.9151 247.8600
3.9155 248.2056
3.9159 248.5296
3.9163 248.8752
3.9167 249.1992
3.9171 249.5448
3.9175 249.8688
3.9179 250.1928
3.9183 250.5384
3.9187 250.8624
3.9191 251.2080
3.9195 251.5320
3.9199 251.8560
3.9203 252.1800
3.9207 252.5256
3.9211 252.8496
3.9215 253.1736
3.9219 253.4976
3.9223 253.8216
3.9227 254.1456
3.9231 254.4696
3.9235 254.7936
3.9239 255.1176
3.9243 255.4416
3.9247 255.7656
3.9251 256.0896
3.9255 256.4136
3.9259 256.7376
3.9263 257.0616
3.9267 257.3856
3.9271 257.6880
3.9275 258.0120
3.9279 258.3360
3.9283 258.6600
3.9287 258.9624
3.9291 259.2864
3.9295 259.5888
3.9299 259.9128
3.9303 260.2368
3.9307 260.5392
3.9311 260.8632
3.9315 261.1656
3.9319 261.4896
3.9323 261.7920
3.9327 262.0944
3.9331 262.4184
3.9335 262.7208
3.9339 263.0232
3.9343 263.3472
3.9347 263.6496
3.9351 263.9520
3.9355 264.2760
3.9359 264.5784
3.9363 264.8808
3.9367 265.1832
3.9371 265.4856
3.9375 265.7880
3.9379 266.0904
3.9383 266.3928
3.9387 266.6952
3.9391 266.9976
3.9395 267.3000
3.9399 267.6024
3.9403 267.9048
3.9407 268.2072
3.9411 268.5096
3.9415 268.8120
3.9419 269.1144
3.9423 269.3952
3.9427 269.6976
3.9431 270.0000
3.9435 270.3024
3.9439 270.5832
3.9443 270.8856
3.9447 271.1880
3.9451 271.4904
3.9455 271.7712
3.9459 272.0736
3.9463 272.3544
3.9467 272.6568
3.9471 272.9592
3.9475 273.2400
3.9479 273.5424
3.9483 273.8232
3.9487 274.1256
3.9491 274.4064
3.9495 274.7088
3.9499 274.9896
3.9503 275.2704
3.9507 275.5728
3.9511 275.8536
3.9515 276.1560
3.9519 276.4368
3.9523 276.7176
3.9527 277.0200
3.9531 277.3008
3.9535 277.5816
3.9539 277.8840
3.9543 278.1648
3.9547 278.4456
3.9551 278.7264
3.9555 279.0288
3.9559 279.3096
3.9563 279.5904
3.9567 279.8712
3.9571 280.1520
3.9575 280.4544
3.9579 280.7352
3.9583 281.0160
3.9587 281.2968
3.9591 281.5776
3.9595 281.8584
3.9599 282.1608
3.9603 282.4416
3.9607 282.7224
3.9611 283.0032
3.9615 283.2840
3.9619 283.5648
3.9623 283.8456
3.9627 284.1264
3.9631 284.4072
3.9635 284.7096
3.9639 284.9904
3.9643 285.2712
3.9647 285.5520
3.9651 285.8328
3.9655 286.1136
3.9659 286.3944
3.9663 286.6752
3.9667 286.9560
3.9671 287.2368
3.9675 287.5176
3.9679 287.7984
3.9683 288.0792
3.9687 288.3600
3.9691 288.6624
3.9695 288.9432
3.9699 289.2240
3.9703 289.5048
3.9707 289.7856
3.9711 290.0664
3.9715 290.3472
3.9719 290.6280
3.9723 290.9088
3.9727 291.1896
3.9731 291.4704
3.9735 291.7512
3.9739 292.0536
3.9743 292.3344
3.9747 292.6152
3.9751 292.8960
3.9755 293.1768
3.9759 293.4576
3.9763 293.7384
3.9767 294.0408
3.9771 294.3216
3.9775 294.6024
3.9779 294.8832
3.9783 295.1640
3.9787 295.4448
3.9791 295.7472
3.9795 296.0280
3.9799 296.3088
3.9803 296.5896
3.9807 296.8920
3.9811 297.1728
3.9815 297.4536
3.9819 297.7560
3.9823 298.0368
3.9827 298.3176
3.9831 298.5984
3.9835 298.9008
3.9839 299.1816
3.9843 299.4840
3.9847 299.7648
3.9851 300.0456
3.9855 300.3480
3.9859 300.6288
3.9863 300.9312
3.9867 301.2120
3.9871 301.5144
3.9875 301.7952
3.9879 302.0976
3.9883 302.3784
3.9887 302.6808
3.9891 302.9616
3.9895 303.2640
3.9899 303.5448
3.9903 303.8472
3.9907 304.1496
3.9911 304.4304
3.9915 304.7328
3.9919 305.0136
3.9923 305.3160
3.9927 305.6184
3.9931 305.9208
3.9935 306.2016
3.9939 306.5040
3.9943 306.8064
3.9947 307.1088
3.9951 307.3896
3.9955 307.6920
3.9959 307.9944
3.9963 308.2968
3.9967 308.5992
3.9971 308.9016
3.9975 309.2040
3.9979 309.5064
3.9983 309.8088
3.9987 310.1112
3.9991 310.4136
3.9995 310.7160
3.9999 311.0184
4.0003 311.3208
4.0007 311.6232
4.0011 311.9256
4.0015 312.2280
4.0019 312.5304
4.0023 312.8328
4.0027 313.1568
4.0031 313.4592
4.0035 313.7616
4.0039 314.0640
4.0043 314.3664
4.0047 314.6904
4.0051 314.9928
4.0055 315.2952
4.0059 315.6192
4.0063 315.9216
4.0067 316.2240
4.0071 316.5480
4.0075 316.8504
4.0079 317.1744
4.0083 317.4768
4.0087 317.8008
4.0091 318.1032
4.0095 318.4272
4.0099 318.7296
4.0103 319.0536
4.0107 319.3560
4.0111 319.6800
4.0115 319.9824
4.0119 320.3064
4.0123 320.6304
4.0127 320.9328
4.0131 321.2568
4.0135 321.5808
4.0139 321.8832
4.0143 322.2072
4.0147 322.5312
4.0151 322.8336
4.0155 323.1576
4.0159 323.4816
4.0163 323.8056
4.0167 324.1296
4.0171 324.4320
4.0175 324.7560
4.0179 325.0800
4.0183 325.4040
4.0187 325.7280
4.0191 326.0520
4.0195 326.3760
4.0199 326.7000
4.0203 327.0240
4.0207 327.3480
4.0211 327.6720
4.0215 327.9744
4.0219 328.2984
4.0223 328.6440
4.0227 328.9680
4.0231 329.2920
4.0235 329.6160
4.0239 329.9400
4.0243 330.2640
4.0247 330.5880
4.0251 330.9120
4.0255 331.2360
4.0259 331.5600
4.0263 331.8840
4.0267 332.2080
4.0271 332.5536
4.0275 332.8776
4.0279 333.2016
4.0283 333.5256
4.0287 333.8496
4.0291 334.1736
4.0295 334.5192
4.0299 334.8432
4.0303 335.1672
4.0307 335.4912
4.0311 335.8368
4.0315 336.1608
4.0319 336.4848
4.0323 336.8088
4.0327 337.1544
4.0331 337.4784
4.0335 337.8024
4.0339 338.1264
4.0343 338.4720
4.0347 338.7960
4.0351 339.1200
4.0355 339.4440
4.0359 339.7896
4.0363 340.1136
4.0367 340.4376
4.0371 340.7832
4.0375 341.1072
4.0379 341.4312
4.0383 341.7768
4.0387 342.1008
4.0391 342.4248
4.0395 342.7704
4.0399 343.0944
4.0403 343.4184
4.0407 343.7424
4.0411 344.0880
4.0415 344.4120
4.0419 344.7360
4.0423 345.0816
4.0427 345.4056
4.0431 345.7296
4.0435 346.0752
4.0439 346.3992
4.0443 346.7232
4.0447 347.0688
4.0451 347.3928
4.0455 347.7168
4.0459 348.0408
4.0463 348.3864
4.0467 348.7104
4.0471 349.0344
4.0475 349.3584
4.0479 349.7040
4.0483 350.0280
4.0487 350.3520
4.0491 350.6760
4.0495 351.0216
4.0499 351.3456
4.0503 351.6696
4.0507 351.9936
4.0511 352.3392
4.0515 352.6632
4.0519 352.9872
4.0523 353.3112
4.0527 353.6352
4.0531 353.9592
4.0535 354.3048
4.0539 354.6288
4.0543 354.9528
4.0547 355.2768
4.0551 355.6008
4.0555 355.9248
4.0559 356.2488
4.0563 356.5728
4.0567 356.8968
4.0571 357.2424
4.0575 357.5664
4.0579 357.8904
4.0583 358.2144
4.0587 358.5384
4.0591 358.8624
4.0595 359.1864
4.0599 359.5104
4.0603 359.8344
4.0607 360.1368
4.0611 360.4608
4.0615 360.7848
4.0619 361.1088
4.0623 361.4328
4.0627 361.7568
4.0631 362.0808
4.0635 362.4048
4.0639 362.7288
4.0643 363.0312
4.0647 363.3552
4.0651 363.6792
4.0655 364.0032
4.0659 364.3056
4.0663 364.6296
4.0667 364.9536
4.0671 365.2776
4.0675 365.5800
4.0679 365.9040
4.0683 366.2280
4.0687 366.5304
4.0691 366.8544
4.0695 367.1568
4.0699 367.4808
4.0703 367.8048
4.0707 368.1072
4.0711 368.4312
4.0715 368.7336
4.0719 369.0576
4.0723 369.3600
4.0727 369.6840
4.0731 369.9864
4.0735 370.2888
4.0739 370.6128
4.0743 370.9152
4.0747 371.2392
4.0751 371.5416
4.0755 371.8440
4.0759 372.1464
4.0763 372.4704
4.0767 372.7728
4.0771 373.0752
4.0775 373.3776
4.0779 373.7016
4.0783 374.0040
4.0787 374.3064
4.0791 374.6088
4.0795 374.9112
4.0799 375.2136
4.0803 375.5160
4.0807 375.8400
4.0811 376.1424
4.0815 376.4448
4.0819 376.7472
4.0823 377.0496
4.0827 377.3520
4.0831 377.6328
4.0835 377.9352
4.0839 378.2376
4.0843 378.5400
4.0847 378.8424
4.0851 379.1448
4.0855 379.4472
4.0859 379.7280
4.0863 380.0304
4.0867 380.3328
4.0871 380.6352
4.0875 380.9160
4.0879 381.2184
4.0883 381.5208
4.0887 381.8016
4.0891 382.1040
4.0895 382.4064
4.0899 382.6872
4.0903 382.9896
4.0907 383.2704
4.0911 383.5728
4.0915 383.8536
4.0919 384.1560
4.0923 384.4368
4.0927 384.7392
4.0931 385.0200
4.0935 385.3008
4.0939 385.6032
4.0943 385.8840
4.0947 386.1648
4.0951 386.4672
4.0955 386.7480
4.0959 387.0288
4.0963 387.3096
4.0967 387.6120
4.0971 387.8928
4.0975 388.1736
4.0979 388.4544
4.0983 388.7352
4.0987 389.0160
4.0991 389.2968
4.0995 389.5776
4.0999 389.8800
4.1003 390.1608
4.1007 390.4416
4.1011 390.7224
4.1015 390.9816
4.1019 391.2624
4.1023 391.5432
4.1027 391.8240
4.1031 392.1048
4.1035 392.3856
4.1039 392.6664
4.1043 392.9472
4.1047 393.2064
4.1051 393.4872
4.1055 393.7680
4.1059 394.0488
4.1063 394.3080
4.1067 394.5888
4.1071 394.8696
4.1075 395.1288
4.1079 395.4096
4.1083 395.6904
4.1087 395.9496
4.1091 396.2304
4.1095 396.4896
4.1099 396.7704
4.1103 397.0296
4.1107 397.3104
4.1111 397.5696
4.1115 397.8504
4.1119 398.1096
4.1123 398.3904
4.1127 398.6496
4.1131 398.9088
4.1135 399.1896
4.1139 399.4488
4.1143 399.7080
4.1147 399.9888
4.1151 400.2480
4.1155 400.5072
4.1159 400.7664
4.1163 401.0472
4.1167 401.3064
4.1171 401.5656
4.1175 401.8248
4.1179 402.0840
4.1183 402.3648
4.1187 402.6240
4.1191 402.8832
4.1195 403.1424
4.1199 403.4016
4.1203 403.6608
4.1207 403.9200
4.1211 404.1792
4.1215 404.4384
4.1219 404.6976
4.1223 404.9568
4.1227 405.2160
4.1231 405.4752
4.1235 405.7344
4.1239 405.9720
4.1243 406.2312
4.1247 406.4904
4.1251 406.7496
4.1255 407.0088
4.1259 407.2680
4.1263 407.5056
4.1267 407.7648
4.1271 408.0240
4.1275 408.2832
4.1279 408.5208
4.1283 408.7800
4.1287 409.0392
4.1291 409.2768
4.1295 409.5360
4.1299 409.7952
4.1303 410.0328
4.1307 410.2920
4.1311 410.5296
4.1315 410.7888
4.1319 411.0480
4.1323 411.2856
4.1327 411.5448
4.1331 411.7824
4.1335 412.0416
4.1339 412.2792
4.1343 412.5384
4.1347 412.7760
4.1351 413.0352
4.1355 413.2728
4.1359 413.5104
4.1363 413.7696
4.1367 414.0072
4.1371 414.2664
4.1375 414.5040
4.1379 414.7416
4.1383 415.0008
4.1387 415.2384
4.1391 415.4760
4.1395 415.7136
4.1399 415.9728
4.1403 416.2104
4.1407 416.4480
4.1411 416.7072
4.1415 416.9448
4.1419 417.1824
4.1423 417.4200
4.1427 417.6576
4.1431 417.9168
4.1435 418.1544
4.1439 418.3920
4.1443 418.6296
4.1447 418.8672
4.1451 419.1048
4.1455 419.3640
4.1459 419.6016
4.1463 419.8392
4.1467 420.0768
4.1471 420.3144
4.1475 420.5520
4.1479 420.7896
4.1483 421.0272
4.1487 421.2648
4.1491 421.5024
4.1495 421.7400
4.1499 421.9776
4.1503 422.2152
4.1507 422.4528
4.1511 422.6904
4.1515 422.9280
4.1519 423.1656
4.1523 423.4032
4.1527 423.6408
4.1531 423.8784
4.1535 424.1160
4.1539 424.3536
4.1543 424.5912
4.1547 424.8288
4.1551 425.0664
4.1555 425.3040
4.1559 425.5416
4.1563 425.7792
4.1567 426.0168
4.1571 426.2544
4.1575 426.4920
4.1579 426.7080
4.1583 426.9456
4.1587 427.1832
4.1591 427.4208
4.1595 427.6584
4.1599 427.8960
4.1603 428.1336
4.1607 428.3712
4.1611 428.6088
4.1615 428.8464
4.1619 429.0624
4.1623 429.3000
4.1627 429.5376
4.1631 429.7752
4.1635 430.0128
4.1639 430.2504
4.1643 430.4880
4.1647 430.7256
4.1651 430.9632
4.1655 431.2008
4.1659 431.4384
4.1663 431.6544
4.1667 431.8920
4.1671 432.1296
4.1675 432.3672
4.1679 432.6048
4.1683 432.8424
4.1687 433.0800
4.1691 433.3176
4.1695 433.5552
4.1699 433.7928
4.1703 434.0304
4.1707 434.2680
4.1711 434.5056
4.1715 434.7432
4.1719 434.9808
4.1723 435.2184
4.1727 435.4560
4.1731 435.6936
4.1735 435.9312
4.1739 436.1688
4.1743 436.4064
4.1747 436.6440
4.1751 436.8816
4.1755 437.1408
4.1759 437.3784
4.1763 437.6160
4.1767 437.8536
4.1771 438.0912
4.1775 438.3288
4.1779 438.5880
4.1783 438.8256
4.1787 439.0632
4.1791 439.3008
4.1795 439.5600
4.1799 439.7976
4.1803 440.0352
4.1807 440.2728
4.1811 440.5320
4.1815 440.7696
4.1819 441.0288
4.1823 441.2664
4.1827 441.5040
4.1831 441.7632
4.1835 442.0008
4.1839 442.2600
4.1843 442.4976
4.1847 442.7568
4.1851 443.0160
4.1855 443.2536
4.1859 443.5128
4.1863 443.7720
4.1867 444.0096
4.1871 444.2688
4.1875 444.5280
4.1879 444.7656
4.1883 445.0248
4.1887 445.2840
4.1891 445.5432
4.1895 445.8024
4.1899 446.0616
4.1903 446.3208
4.1907 446.5800
4.1911 446.8392
4.1915 447.0984
4.1919 447.3576
4.1923 447.6168
4.1927 447.8976
4.1931 448.1568
4.1935 448.4160
4.1939 448.6752
4.1943 448.9560
4.1947 449.2152
4.1951 449.4960
4.1955 449.7552
4.1959 450.0360
4.1963 450.2952
4.1967 450.5760
4.1971 450.8352
4.1975 451.1160
4.1979 451.3968
4.1983 451.6776
4.1987 451.9584
4.1991 452.2176
4.1995 452.4984
4.1999 452.7792
4.2003 453.0816
4.2007 453.3624
4.2011 453.6432
4.2015 453.9240
4.2019 454.2048
4.2023 454.5072
4.2027 454.7880
4.2031 455.0688
4.2035 455.3712
4.2039 455.6736
4.2043 455.9544
4.2047 456.2568
4.2051 456.5592
4.2055 456.8400
4.2059 457.1424
4.2063 457.4448
4.2067 457.7472
4.2071 458.0496
4.2075 458.3520
4.2079 458.6760
4.2083 458.9784
4.2087 459.2808
4.2091 459.6048
4.2095 459.9072
4.2099 460.2312
4.2103 460.5336
4.2107 460.8576
4.2111 461.1816
4.2115 461.4840
4.2119 461.8080
4.2123 462.1320
4.2127 462.4560
4.2131 462.7800
4.2135 463.1256
4.2139 463.4496
4.2143 463.7736
4.2147 464.1192
4.2151 464.4432
4.2155 464.7888
4.2159 465.1344
4.2163 465.4584
4.2167 465.8040
4.2171 466.1496
4.2175 466.4952
4.2179 466.8624
4.2183 467.2080
4.2187 467.5536
4.2191 467.8992
4.2195 468.2664
4.2199 468.6336
4.2203 468.9792
4.2207 469.3464
4.2211 469.7136
4.2215 470.0808
4.2219 470.4480
4.2223 470.8152
4.2227 471.1824
4.2231 471.5712
4.2235 471.9384
4.2239 472.3272
4.2243 472.6944
4.2247 473.0832
4.2251 473.4720
4.2255 473.8608
4.2259 474.2496
4.2263 474.6384
4.2267 475.0272
4.2271 475.4376
4.2275 475.8264
4.2279 476.2368
4.2283 476.6472
4.2287 477.0360
4.2291 477.4464
4.2295 477.8568
4.2299 478.2888
4.2303 478.6992
4.2307 479.1096
4.2311 479.5416
4.2315 479.9520
4.2319 480.3840
4.2323 480.8160
4.2327 481.2480
4.2331 481.6800
4.2335 482.1120
4.2339 482.5656
4.2343 482.9976
4.2347 483.4512
4.2351 483.8832
4.2355 484.3368
4.2359 484.7904
4.2363 485.2440
4.2367 485.6976
4.2371 486.1728
4.2375 486.6264
4.2379 487.1016
4.2383 487.5552
4.2387 488.0304
4.2391 488.5056
4.2395 488.9808
4.2399 489.4776
4.2403 489.9528
4.2407 490.4280
4.2411 490.9248
4.2415 491.4216
4.2419 491.9184
4.2423 492.4152
4.2427 492.9120
4.2431 493.4088
4.2435 493.9272
4.2439 494.4240
4.2443 494.9424
4.2447 495.4608
4.2451 495.9792
4.2455 496.4976
4.2459 497.0160
4.2463 497.5560
4.2467 498.0744
4.2471 498.6144
4.2475 499.1544
4.2479 499.6944
4.2483 500.2344
4.2487 500.7960
4.2491 501.3360
4.2495 501.8976
4.2499 502.4376
4.2504 502.9992
4.2508 503.5608
4.2512 504.1440
4.2516 504.7056
4.2520 505.2672
4.2524 505.8504
4.2528 506.4336
4.2532 507.0168
4.2536 507.6000
4.2540 508.1832
4.2544 508.7880
4.2548 509.3712
4.2552 509.9760
4.2556 510.5808
4.2560 511.1856
4.2564 511.7904
4.2568 512.3952
4.2572 513.0216
4.2576 513.6264
4.2580 514.2528
4.2584 514.8792
4.2588 515.5056
4.2592 516.1536
4.2596 516.7800
4.2600 517.4280
4.2604 518.0544
4.2608 518.7024
4.2612 519.3504
4.2616 520.0200
4.2620 520.6680
4.2624 521.3160
4.2628 521.9856
4.2632 522.6552
4.2636 523.3248
4.2640 523.9944
4.2644 524.6856
4.2648 525.3552
4.2652 526.0464
4.2656 526.7376
4.2660 527.4288
4.2664 528.1200
4.2668 528.8112
4.2672 529.5240
4.2676 530.2152
4.2680 530.9280
4.2684 531.6408
4.2688 532.3536
4.2692 533.0880
4.2696 533.8008
4.2700 534.5352
4.2704 535.2696
4.2708 536.0040
4.2712 536.7384
4.2716 537.4728
4.2720 538.2072
4.2724 538.9632
4.2728 539.7192
4.2732 540.4752
4.2736 541.2312
4.2740 541.9872
4.2744 542.7648
4.2748 543.5208
4.2752 544.2984
4.2756 545.0760
4.2760 545.8536
4.2764 546.6312
4.2768 547.4304
4.2772 548.2296
4.2776 549.0072
4.2780 549.8064
4.2784 550.6056
4.2788 551.4264
4.2792 552.2256
4.2796 553.0464
4.2800 553.8456
4.2804 554.6664
4.2808 555.4872
4.2812 556.3296
4.2816 557.1504
4.2820 557.9928
4.2824 558.8136
4.2828 559.6560
4.2832 560.4984
4.2836 561.3624
4.2840 562.2048
4.2844 563.0688
4.2848 563.9112
4.2852 564.7752
4.2856 565.6392
4.2860 566.5032
4.2864 567.3888
4.2868 568.2528
4.2872 569.1384
4.2876 570.0240
4.2880 570.9096
4.2884 571.7952
4.2888 572.6808
4.2892 573.5880
4.2896 574.4952
4.2900 575.3808
4.2904 576.2880
4.2908 577.1952
4.2912 578.1240
4.2916 579.0312
4.2920 579.9600
4.2924 580.8888
4.2928 581.8176
4.2932 582.7464
4.2936 583.6752
4.2940 584.6040
4.2944 585.5544
4.2948 586.5048
4.2952 587.4336
4.2956 588.4056
4.2960 589.3560
4.2964 590.3064
4.2968 591.2784
4.2972 592.2288
4.2976 593.2008
4.2980 594.1728
4.2984 595.1448
4.2988 596.1168
4.2992 597.1104
4.2996 598.0824
4.3000 599.0760
4.3004 600.0696
4.3008 601.0632
4.3012 602.0568
4.3016 603.0720
4.3020 604.0656
4.3024 605.0808
4.3028 606.0960
4.3032 607.1112
4.3036 608.1264
4.3040 609.1416
4.3044 610.1568
4.3048 611.1936
4.3052 612.2304
4.3056 613.2672
4.3060 614.3040
4.3064 615.3408
4.3068 616.3776
4.3072 617.4144
4.3076 618.4728
4.3080 619.5312
4.3084 620.5896
4.3088 621.6480
4.3092 622.7064
4.3096 623.7648
4.3100 624.8448
4.3104 625.9032
4.3108 626.9832
4.3112 628.0632
4.3116 629.1432
4.3120 630.2232
4.3124 631.3248
4.3128 632.4048
4.3132 633.5064
4.3136 634.6080
4.3140 635.7096
4.3144 636.8112
4.3148 637.9128
4.3152 639.0144
4.3156 640.1376
4.3160 641.2608
4.3164 642.3624
4.3168 643.4856
4.3172 644.6088
4.3176 645.7536
4.3180 646.8768
4.3184 648.0216
4.3188 649.1448
4.3192 650.2896
4.3196 651.4344
4.3200 652.5792
4.3204 653.7240
4.3208 654.8904
4.3212 656.0352
4.3216 657.2016
4.3220 658.3680
4.3224 659.5344
4.3228 660.7008
4.3232 661.8672
4.3236 663.0336
4.3240 664.2216
4.3244 665.3880
4.3248 666.5760
4.3252 667.7640
4.3256 668.9520
4.3260 670.1400
4.3264 671.3496
4.3268 672.5376
4.3272 673.7472
4.3276 674.9568
4.3280 676.1664
4.3284 677.3760
4.3288 678.5856
4.3292 679.7952
4.3296 681.0264
4.3300 682.2360
4.3304 683.4672
4.3308 684.6984
4.3312 685.9296
4.3316 687.1608
4.3320 688.3920
4.3324 689.6448
4.3328 690.8760
4.3332 692.1288
4.3336 693.3816
4.3340 694.6344
4.3344 695.8872
4.3348 697.1616
4.3352 698.4144
4.3356 699.6888
4.3360 700.9416
4.3364 702.2160
4.3368 703.4904
4.3372 704.7648
4.3376 706.0608
4.3380 707.3352
4.3384 708.6312
4.3388 709.9056
4.3392 711.2016
4.3396 712.4976
4.3400 713.7936
4.3404 715.1112
4.3408 716.4072
4.3412 717.7248
4.3416 719.0208
4.3420 720.3384
4.3424 721.6560
4.3428 722.9952
4.3432 724.3128
4.3436 725.6304
4.3440 726.9696
4.3444 728.3088
4.3448 729.6480
4.3452 730.9872
4.3456 732.3264
4.3460 733.6656
4.3464 735.0264
4.3468 736.3656
4.3472 737.7264
4.3476 739.0872
4.3480 740.4480
4.3484 741.8088
4.3488 743.1696
4.3492 744.5520
4.3496 745.9344
4.3500 747.2952
4.3504 748.6776
4.3508 750.0600
4.3512 751.4640
4.3516 752.8464
4.3520 754.2504
4.3524 755.6328
4.3528 757.0368
4.3532 758.4408
4.3536 759.8448
4.3540 761.2704
4.3544 762.6744
4.3548 764.1000
4.3552 765.5040
4.3556 766.9296
4.3560 768.3552
4.3564 769.8024
4.3568 771.2280
4.3572 772.6752
4.3576 774.1008
4.3580 775.5480
4.3584 776.9952
4.3588 778.4424
4.3592 779.8896
4.3596 781.3584
4.3600 782.8056
4.3604 784.2744
4.3608 785.7432
4.3612 787.2120
4.3616 788.6808
4.3620 790.1712
4.3624 791.6400
4.3628 793.1304
4.3632 794.6208
4.3636 796.1112
4.3640 797.6016
4.3644 799.0920
4.3648 800.6040
4.3652 802.0944
4.3656 803.6064
4.3660 805.1184
4.3664 806.6304
4.3668 808.1424
4.3672 809.6760
4.3676 811.1880
4.3680 812.7216
4.3684 814.2552
4.3688 815.7888
4.3692 817.3224
4.3696 818.8560
4.3700 820.4112
4.3704 821.9664
4.3708 823.5000
4.3712 825.0552
4.3716 826.6320
4.3720 828.1872
4.3724 829.7424
4.3728 831.3192
4.3732 832.8960
4.3736 834.4728
4.3740 836.0496
4.3744 837.6264
4.3748 839.2032
4.3752 840.8016
4.3756 842.3784
4.3760 843.9768
4.3764 845.5752
4.3768 847.1952
4.3772 848.7936
4.3776 850.3920
4.3780 852.0120
4.3784 853.6320
4.3788 855.2520
4.3792 856.8720
4.3796 858.4920
4.3800 860.1120
4.3804 861.7536
4.3808 863.3952
4.3812 865.0152
4.3816 866.6568
4.3820 868.3200
4.3824 869.9616
4.3828 871.6032
4.3832 873.2664
4.3836 874.9296
4.3840 876.5928
4.3844 878.2560
4.3848 879.9192
4.3852 881.5824
4.3856 883.2672
4.3860 884.9304
4.3864 886.6152
4.3868 888.3000
4.3872 889.9848
4.3876 891.6696
4.3880 893.3760
4.3884 895.0608
4.3888 896.7672
4.3892 898.4736
4.3896 900.1800
4.3900 901.8864
4.3904 903.5928
4.3908 905.2992
4.3912 907.0272
4.3916 908.7336
4.3920 910.4616
4.3924 912.1896
4.3928 913.9176
4.3932 915.6456
4.3936 917.3736
4.3940 919.1232
4.3944 920.8512
4.3948 922.6008
4.3952 924.3504
4.3956 926.1000
4.3960 927.8496
4.3964 929.5992
4.3968 931.3488
4.3972 933.1200
4.3976 934.8696
4.3980 936.6408
4.3984 938.4120
4.3988 940.1616
4.3992 941.9328
4.3996 943.7040
4.4000 945.4968
4.4004 947.2680
4.4008 949.0392
4.4012 950.8320
4.4016 952.6248
4.4020 954.3960
4.4024 956.1888
4.4028 957.9816
4.4032 959.7744
4.4036 961.5672
4.4040 963.3816
4.4044 965.1744
4.4048 966.9888
4.4052 968.7816
4.4056 970.5960
4.4060 972.3888
4.4064 974.2032
4.4068 976.0176
4.4072 977.8320
4.4076 979.6464
4.4080 981.4608
4.4084 983.2968
4.4088 985.1112
4.4092 986.9256
4.4096 988.7616
4.4100 990.5760
4.4104 992.4120
4.4108 994.2480
4.4112 996.0624
4.4116 997.8984
4.4120 999.7344
4.4124 1001.5704
4.4128 1003.4064
4.4132 1005.2424
4.4136 1007.0784
4.4140 1008.9144
4.4144 1010.7504
4.4148 1012.6080
4.4152 1014.4440
4.4156 1016.2800
4.4160 1018.1376
4.4164 1019.9736
4.4168 1021.8096
4.4172 1023.6672
4.4176 1025.5032
4.4180 1027.3608
4.4184 1029.2184
4.4188 1031.0544
4.4192 1032.9120
4.4196 1034.7696
4.4200 1036.6056
4.4204 1038.4632
4.4208 1040.3208
4.4212 1042.1568
4.4216 1044.0144
4.4220 1045.8720
4.4224 1047.7296
4.4228 1049.5656
4.4232 1051.4232
4.4236 1053.2808
4.4240 1055.1384
4.4244 1056.9744
4.4248 1058.8320
4.4252 1060.6896
4.4256 1062.5472
4.4260 1064.3832
4.4264 1066.2408
4.4268 1068.0984
4.4272 1069.9344
4.4276 1071.7920
4.4280 1073.6496
4.4284 1075.4856
4.4288 1077.3432
4.4292 1079.1792
4.4296 1081.0368
4.4300 1082.8728
4.4304 1084.7088
4.4308 1086.5664
4.4312 1088.4024
4.4316 1090.2384
4.4320 1092.0744
4.4324 1093.9320
4.4328 1095.7680
4.4332 1097.6040
4.4336 1099.4400
4.4340 1101.2544
4.4344 1103.0904
4.4348 1104.9264
4.4352 1106.7624
4.4356 1108.5768
4.4360 1110.4128
4.4364 1112.2272
4.4368 1114.0416
4.4372 1115.8776
4.4376 1117.6920
4.4380 1119.5064
4.4384 1121.3208
4.4388 1123.1352
4.4392 1124.9280
4.4396 1126.7424
4.4400 1128.5568
4.4404 1130.3496
4.4408 1132.1424
4.4412 1133.9568
4.4416 1135.7496
4.4420 1137.5424
4.4424 1139.3352
4.4428 1141.1064
4.4432 1142.8992
4.4436 1144.6704
4.4440 1146.4632
4.4444 1148.2344
4.4448 1150.0056
4.4452 1151.7768
4.4456 1153.5480
4.4460 1155.2976
4.4464 1157.0688
4.4468 1158.8184
4.4472 1160.5680
4.4476 1162.3176
4.4480 1164.0672
4.4484 1165.8168
4.4488 1167.5448
4.4492 1169.2728
4.4496 1171.0224
4.4500 1172.7504
4.4504 1174.4568
4.4508 1176.1848
4.4512 1177.9128
4.4516 1179.6192
4.4520 1181.3256
4.4524 1183.0320
4.4528 1184.7168
4.4532 1186.4232
4.4536 1188.1080
4.4540 1189.7928
4.4544 1191.4776
4.4548 1193.1624
4.4552 1194.8256
4.4556 1196.5104
4.4560 1198.1736
4.4564 1199.8368
4.4568 1201.4784
4.4572 1203.1416
4.4576 1204.7832
4.4580 1206.4248
4.4584 1208.0664
4.4588 1209.6864
4.4592 1211.3064
4.4596 1212.9264
4.4600 1214.5464
4.4604 1216.1664
4.4608 1217.7648
4.4612 1219.3632
4.4616 1220.9616
4.4620 1222.5384
4.4624 1224.1368
4.4628 1225.7136
4.4632 1227.2904
4.4636 1228.8456
4.4640 1230.4008
4.4644 1231.9560
4.4648 1233.5112
4.4652 1235.0664
4.4656 1236.6000
4.4660 1238.1336
4.4664 1239.6456
4.4668 1241.1792
4.4672 1242.6912
4.4676 1244.2032
4.4680 1245.6936
4.4684 1247.1840
4.4688 1248.6744
4.4692 1250.1648
4.4696 1251.6336
4.4700 1253.1024
4.4704 1254.5712
4.4708 1256.0400
4.4712 1257.4872
4.4716 1258.9344
4.4720 1260.3600
4.4724 1261.7856
4.4728 1263.2112
4.4732 1264.6368
4.4736 1266.0408
4.4740 1267.4448
4.4744 1268.8488
4.4748 1270.2312
4.4752 1271.6136
4.4756 1272.9960
4.4760 1274.3568
4.4764 1275.7392
4.4768 1277.0784
4.4772 1278.4392
4.4776 1279.7784
4.4780 1281.0960
4.4784 1282.4352
4.4788 1283.7528
4.4792 1285.0704
4.4796 1286.3664
4.4800 1287.6624
4.4804 1288.9584
4.4808 1290.2328
4.4812 1291.5072
4.4816 1292.7816
4.4820 1294.0344
4.4824 1295.2872
4.4828 1296.5400
4.4832 1297.7712
4.4836 1299.0024
4.4840 1300.2120
4.4844 1301.4216
4.4848 1302.6312
4.4852 1303.8408
4.4856 1305.0288
4.4860 1306.1952
4.4864 1307.3832
4.4868 1308.5496
4.4872 1309.6944
4.4876 1310.8608
4.4880 1311.9840
4.4884 1313.1288
4.4888 1314.2520
4.4892 1315.3752
4.4896 1316.4768
4.4900 1317.5784
4.4904 1318.6800
4.4908 1319.7600
4.4912 1320.8400
4.4916 1321.8984
4.4920 1322.9568
4.4924 1324.0152
4.4928 1325.0520
4.4932 1326.0888
4.4936 1327.1040
4.4940 1328.1408
4.4944 1329.1344
4.4948 1330.1496
4.4952 1331.1432
4.4956 1332.1152
4.4960 1333.0872
4.4964 1334.0592
4.4968 1335.0096
4.4972 1335.9600
4.4976 1336.9104
4.4980 1337.8392
4.4984 1338.7680
4.4988 1339.6752
4.4992 1340.5824
4.4996 1341.4896
4.5000 1342.3752
