2.5000 0.0000
2.5004 0.0000
2.5008 0.0000
2.5012 0.0000
2.5016 0.0000
2.5020 0.0000
2.5024 0.0000
2.5028 0.0000
2.5032 0.0000
2.5036 0.0000
2.5040 0.0000
2.5044 0.0000
2.5048 0.0000
2.5052 0.0000
2.5056 0.0000
2.5060 0.0000
2.5064 0.0000
2.5068 0.0000
2.5072 0.0000
2.5076 0.0000
2.5080 0.0000
2.5084 0.0000
2.5088 0.0000
2.5092 0.0000
2.5096 0.0000
2.5100 0.0000
2.5104 0.0000
2.5108 0.0000
2.5112 0.0000
2.5116 0.0000
2.5120 0.0000
2.5124 0.0000
2.5128 0.0000
2.5132 0.0000
2.5136 0.0000
2.5140 0.0000
2.5144 0.0000
2.5148 0.0000
2.5152 0.0000
2.5156 0.0000
2.5160 0.0000
2.5164 0.0000
2.5168 0.0000
2.5172 0.0000
2.5176 0.0000
2.5180 0.0000
2.5184 0.0000
2.5188 0.0000
2.5192 0.0000
2.5196 0.0000
2.5200 0.0000
2.5204 0.0000
2.5208 0.0000
2.5212 0.0000
2.5216 0.0000
2.5220 0.0000
2.5224 0.0000
2.5228 0.0000
2.5232 0.0000
2.5236 0.0000
2.5240 0.0000
2.5244 0.0000
2.5248 0.0000
2.5252 0.0000
2.5256 0.0000
2.5260 0.0000
2.5264 0.0000
2.5268 0.0000
2.5272 0.0000
2.5276 0.0000
2.5280 0.0000
2.5284 0.0000
2.5288 0.0000
2.5292 0.0000
2.5296 0.0000
2.5300 0.0000
2.5304 0.0000
2.5308 0.0000
2.5312 0.0000
2.5316 0.0000
2.5320 0.0000
2.5324 0.0000
2.5328 0.0000
2.5332 0.0000
2.5336 0.0000
2.5340 0.0000
2.5344 0.0000
2.5348 0.0000
2.5352 0.0000
2.5356 0.0000
2.5360 0.0000
2.5364 0.0000
2.5368 0.0000
2.5372 0.0000
2.5376 0.0000
2.5380 0.0000
2.5384 0.0000
2.5388 0.0000
2.5392 0.0000
2.5396 0.0000
2.5400 0.0000
2.5404 0.0000
2.5408 0.0000
2.5412 0.0000
2.5416 0.0000
2.5420 0.0000
2.5424 0.0000
2.5428 0.0000
2.5432 0.0000
2.5436 0.0000
2.5440 0.0000
2.5444 0.0000
2.5448 0.0000
2.5452 0.0000
2.5456 0.0000
2.5460 0.0000
2.5464 0.0000
2.5468 0.0000
2.5472 0.0000
2.5476 0.0000
2.5480 0.0000
2.5484 0.0000
2.5488 0.0000
2.5492 0.0000
2.5496 0.0000
2.5500 0.0000
2.5504 0.0000
2.5508 0.0000
2.5512 0.0000
2.5516 0.0000
2.5520 0.0000
2.5524 0.0000
2.5528 0.0000
2.5532 0.0000
2.5536 0.0000
2.5540 0.0000
2.5544 0.0000
2.5548 0.0000
2.5552 0.0000
2.5556 0.0000
2.5560 0.0000
2.5564 0.0000
2.5568 0.0000
2.5572 0.0000
2.5576 0.0000
2.5580 0.0000
2.5584 0.0000
2.5588 0.0000
2.5592 0.0000
2.5596 0.0000
2.5600 0.0000
2.5604 0.0000
2.5608 0.0000
2.5612 0.0000
2.5616 0.0000
2.5620 0.0000
2.5624 0.0000
2.5628 0.0000
2.5632 0.0000
2.5636 0.0000
2.5640 0.0000
2.5644 0.0000
2.5648 0.0000
2.5652 0.0000
2.5656 0.0000
2.5660 0.0000
2.5664 0.0000
2.5668 0.0000
2.5672 0.0000
2.5676 0.0000
2.5680 0.0000
2.5684 0.0000
2.5688 0.0000
2.5692 0.0000
2.5696 0.0000
2.5700 0.0000
2.5704 0.0000
2.5708 0.0000
2.5712 0.0000
2.5716 0.0000
2.5720 0.0000
2.5724 0.0000
2.5728 0.0000
2.5732 0.0000
2.5736 0.0000
2.5740 0.0000
2.5744 0.0000
2.5748 0.0000
2.5752 0.0000
2.5756 0.0000
2.5760 0.0000
2.5764 0.0000
2.5768 0.0000
2.5772 0.0000
2.5776 0.0000
2.5780 0.0000
2.5784 0.0000
2.5788 0.0000
2.5792 0.0000
2.5796 0.0000
2.5800 0.0000
2.5804 0.0000
2.5808 0.0000
2.5812 0.0000
2.5816 0.0000
2.5820 0.0000
2.5824 0.0000
2.5828 0.0000
2.5832 0.0000
2.5836 0.0000
2.5840 0.0000
2.5844 0.0000
2.5848 0.0000
2.5852 0.0000
2.5856 0.0000
2.5860 0.0000
2.5864 0.0000
2.5868 0.0000
2.5872 0.0000
2.5876 0.0000
2.5880 0.0000
2.5884 0.0000
2.5888 0.0000
2.5892 0.0000
2.5896 0.0000
2.5900 0.0000
2.5904 0.0000
2.5908 0.0000
2.5912 0.0000
2.5916 0.0000
2.5920 0.0000
2.5924 0.0000
2.5928 0.0000
2.5932 0.0000
2.5936 0.0000
2.5940 0.0000
2.5944 0.0000
2.5948 0.0000
2.5952 0.0000
2.5956 0.0000
2.5960 0.0000
2.5964 0.0000
2.5968 0.0000
2.5972 0.0000
2.5976 0.0000
2.5980 0.0000
2.5984 0.0000
2.5988 0.0000
2.5992 0.0000
2.5996 0.0000
2.6000 0.0000
2.6004 0.0000
2.6008 0.0000
2.6012 0.0000
2.6016 0.0000
2.6020 0.0000
2.6024 0.0000
2.6028 0.0000
2.6032 0.0000
2.6036 0.0000
2.6040 0.0000
2.6044 0.0000
2.6048 0.0000
2.6052 0.0000
2.6056 0.0000
2.6060 0.0000
2.6064 0.0000
2.6068 0.0000
2.6072 0.0000
2.6076 0.0000
2.6080 0.0000
2.6084 0.0000
2.6088 0.0000
2.6092 0.0000
2.6096 0.0000
2.6100 0.0000
2.6104 0.0000
2.6108 0.0000
2.6112 0.0000
2.6116 0.0000
2.6120 0.0000
2.6124 0.0000
2.6128 0.0000
2.6132 0.0000
2.6136 0.0000
2.6140 0.0000
2.6144 0.0000
2.6148 0.0000
2.6152 0.0000
2.6156 0.0000
2.6160 0.0000
2.6164 0.0000
2.6168 0.0000
2.6172 0.0000
2.6176 0.0000
2.6180 0.0000
2.6184 0.0000
2.6188 0.0000
2.6192 0.0000
2.6196 0.0000
2.6200 0.0000
2.6204 0.0000
2.6208 0.0000
2.6212 0.0000
2.6216 0.0000
2.6220 0.0000
2.6224 0.0000
2.6228 0.0000
2.6232 0.0000
2.6236 0.0000
2.6240 0.0000
2.6244 0.0000
2.6248 0.0000
2.6252 0.0000
2.6256 0.0000
2.6260 0.0000
2.6264 0.0000
2.6268 0.0000
2.6272 0.0000
2.6276 0.0000
2.6280 0.0000
2.6284 0.0000
2.6288 0.0000
2.6292 0.0000
2.6296 0.0000
2.6300 0.0000
2.6304 0.0000
2.6308 0.0000
2.6312 0.0000
2.6316 0.0000
2.6320 0.0000
2.6324 0.0000
2.6328 0.0000
2.6332 0.0000
2.6336 0.0000
2.6340 0.0000
2.6344 0.0000
2.6348 0.0000
2.6352 0.0000
2.6356 0.0000
2.6360 0.0000
2.6364 0.0000
2.6368 0.0000
2.6372 0.0000
2.6376 0.0000
2.6380 0.0000
2.6384 0.0000
2.6388 0.0000
2.6392 0.0000
2.6396 0.0000
2.6400 0.0000
2.6404 0.0000
2.6408 0.0000
2.6412 0.0000
2.6416 0.0000
2.6420 0.0000
2.6424 0.0000
2.6428 0.0000
2.6432 0.0000
2.6436 0.0000
2.6440 0.0000
2.6444 0.0000
2.6448 0.0000
2.6452 0.0000
2.6456 0.0000
2.6460 0.0000
2.6464 0.0000
2.6468 0.0000
2.6472 0.0000
2.6476 0.0000
2.6480 0.0000
2.6484 0.0000
2.6488 0.0000
2.6492 0.0000
2.6496 0.0000
2.6500 0.0000
2.6504 0.0000
2.6508 0.0000
2.6512 0.0000
2.6516 0.0000
2.6520 0.0000
2.6524 0.0000
2.6528 0.0000
2.6532 0.0000
2.6536 0.0000
2.6540 0.0000
2.6544 0.0000
2.6548 0.0000
2.6552 0.0000
2.6556 0.0000
2.6560 0.0000
2.6564 0.0000
2.6568 0.0000
2.6572 0.0000
2.6576 0.0000
2.6580 0.0000
2.6584 0.0000
2.6588 0.0000
2.6592 0.0000
2.6596 0.0000
2.6600 0.0000
2.6604 0.0000
2.6608 0.0000
2.6612 0.0000
2.6616 0.0000
2.6620 0.0000
2.6624 0.0000
2.6628 0.0000
2.6632 0.0000
2.6636 0.0000
2.6640 0.0000
2.6644 0.0000
2.6648 0.0000
2.6652 0.0000
2.6656 0.0000
2.6660 0.0000
2.6664 0.0000
2.6668 0.0000
2.6672 0.0000
2.6676 0.0000
2.6680 0.0000
2.6684 0.0000
2.6688 0.0000
2.6692 0.0000
2.6696 0.0000
2.6700 0.0000
2.6704 0.0000
2.6708 0.0000
2.6712 0.0000
2.6716 0.0000
2.6720 0.0000
2.6724 0.0000
2.6728 0.0000
2.6732 0.0000
2.6736 0.0000
2.6740 0.0000
2.6744 0.0000
2.6748 0.0000
2.6752 0.0000
2.6756 0.0000
2.6760 0.0000
2.6764 0.0000
2.6768 0.0000
2.6772 0.0000
2.6776 0.0000
2.6780 0.0000
2.6784 0.0000
2.6788 0.0000
2.6792 0.0000
2.6796 0.0000
2.6800 0.0000
2.6804 0.0000
2.6808 0.0000
2.6812 0.0000
2.6816 0.0000
2.6820 0.0000
2.6824 0.0000
2.6828 0.0000
2.6832 0.0000
2.6836 0.0000
2.6840 0.0000
2.6844 0.0000
2.6848 0.0000
2.6852 0.0000
2.6856 0.0000
2.6860 0.0000
2.6864 0.0000
2.6868 0.0000
2.6872 0.0000
2.6876 0.0000
2.6880 0.0000
2.6884 0.0000
2.6888 0.0000
2.6892 0.0000
2.6896 0.0000
2.6900 0.0000
2.6904 0.0000
2.6908 0.0000
2.6912 0.0000
2.6916 0.0000
2.6920 0.0000
2.6924 0.0000
2.6928 0.0000
2.6932 0.0000
2.6936 0.0000
2.6940 0.0000
2.6944 0.0000
2.6948 0.0000
2.6952 0.0000
2.6956 0.0000
2.6960 0.0000
2.6964 0.0000
2.6968 0.0000
2.6972 0.0000
2.6976 0.0000
2.6980 0.0000
2.6984 0.0000
2.6988 0.0000
2.6992 0.0000
2.6996 0.0000
2.7000 0.0000
2.7004 0.0000
2.7008 0.0000
2.7012 0.0000
2.7016 0.0000
2.7020 0.0000
2.7024 0.0000
2.7028 0.0000
2.7032 0.0000
2.7036 0.0000
2.7040 0.0000
2.7044 0.0000
2.7048 0.0000
2.7052 0.0000
2.7056 0.0000
2.7060 0.0000
2.7064 0.0000
2.7068 0.0000
2.7072 0.0000
2.7076 0.0000
2.7080 0.0000
2.7084 0.0000
2.7088 0.0000
2.7092 0.0000
2.7096 0.0000
2.7100 0.0000
2.7104 0.0000
2.7108 0.0000
2.7112 0.0000
2.7116 0.0000
2.7120 0.0000
2.7124 0.0000
2.7128 0.0000
2.7132 0.0000
2.7136 0.0000
2.7140 0.0000
2.7144 0.0000
2.7148 0.0000
2.7152 0.0000
2.7156 0.0000
2.7160 0.0000
2.7164 0.0000
2.7168 0.0000
2.7172 0.0000
2.7176 0.0000
2.7180 0.0000
2.7184 0.0000
2.7188 0.0000
2.7192 0.0000
2.7196 0.0000
2.7200 0.0000
2.7204 0.0000
2.7208 0.0000
2.7212 0.0000
2.7216 0.0000
2.7220 0.0000
2.7224 0.0000
2.7228 0.0000
2.7232 0.0000
2.7236 0.0000
2.7240 0.0000
2.7244 0.0000
2.7248 0.0000
2.7252 0.0000
2.7256 0.0000
2.7260 0.0000
2.7264 0.0000
2.7268 0.0000
2.7272 0.0000
2.7276 0.0000
2.7280 0.0000
2.7284 0.0000
2.7288 0.0000
2.7292 0.0000
2.7296 0.0000
2.7300 0.0000
2.7304 0.0000
2.7308 0.0000
2.7312 0.0000
2.7316 0.0000
2.7320 0.0000
2.7324 0.0000
2.7328 0.0000
2.7332 0.0000
2.7336 0.0000
2.7340 0.0000
2.7344 0.0000
2.7348 0.0000
2.7352 0.0000
2.7356 0.0000
2.7360 0.0000
2.7364 0.0000
2.7368 0.0000
2.7372 0.0000
2.7376 0.0000
2.7380 0.0000
2.7384 0.0000
2.7388 0.0000
2.7392 0.0000
2.7396 0.0000
2.7400 0.0000
2.7404 0.0000
2.7408 0.0000
2.7412 0.0000
2.7416 0.0000
2.7420 0.0000
2.7424 0.0000
2.7428 0.0000
2.7432 0.0000
2.7436 0.0000
2.7440 0.0000
2.7444 0.0000
2.7448 0.0000
2.7452 0.0000
2.7456 0.0000
2.7460 0.0000
2.7464 0.0000
2.7468 0.0000
2.7472 0.0000
2.7476 0.0000
2.7480 0.0000
2.7484 0.0000
2.7488 0.0000
2.7492 0.0000
2.7496 0.0000
2.7501 0.0000
2.7505 0.0000
2.7509 0.0000
2.7513 0.0000
2.7517 0.0000
2.7521 0.0000
2.7525 0.0000
2.7529 0.0000
2.7533 0.0000
2.7537 0.0000
2.7541 0.0000
2.7545 0.0000
2.7549 0.0000
2.7553 0.0000
2.7557 0.0000
2.7561 0.0000
2.7565 0.0000
2.7569 0.0000
2.7573 0.0000
2.7577 0.0000
2.7581 0.0000
2.7585 0.0000
2.7589 0.0000
2.7593 0.0000
2.7597 0.0000
2.7601 0.0000
2.7605 0.0000
2.7609 0.0000
2.7613 0.0000
2.7617 0.0000
2.7621 0.0000
2.7625 0.0000
2.7629 0.0000
2.7633 0.0000
2.7637 0.0000
2.7641 0.0000
2.7645 0.0000
2.7649 0.0000
2.7653 0.0000
2.7657 0.0000
2.7661 0.0000
2.7665 0.0000
2.7669 0.0000
2.7673 0.0000
2.7677 0.0000
2.7681 0.0000
2.7685 0.0000
2.7689 0.0000
2.7693 0.0000
2.7697 0.0000
2.7701 0.0000
2.7705 0.0000
2.7709 0.0000
2.7713 0.0000
2.7717 0.0000
2.7721 0.0000
2.7725 0.0000
2.7729 0.0000
2.7733 0.0000
2.7737 0.0000
2.7741 0.0000
2.7745 0.0000
2.7749 0.0000
2.7753 0.0000
2.7757 0.0000
2.7761 0.0000
2.7765 0.0000
2.7769 0.0000
2.7773 0.0000
2.7777 0.0000
2.7781 0.0000
2.7785 0.0000
2.7789 0.0000
2.7793 0.0000
2.7797 0.0000
2.7801 0.0000
2.7805 0.0000
2.7809 0.0000
2.7813 0.0000
2.7817 0.0000
2.7821 0.0000
2.7825 0.0000
2.7829 0.0000
2.7833 0.0000
2.7837 0.0000
2.7841 0.0000
2.7845 0.0000
2.7849 0.0000
2.7853 0.0000
2.7857 0.0000
2.7861 0.0000
2.7865 0.0000
2.7869 0.0000
2.7873 0.0000
2.7877 0.0000
2.7881 0.0000
2.7885 0.0000
2.7889 0.0000
2.7893 0.0000
2.7897 0.0000
2.7901 0.0000
2.7905 0.0000
2.7909 0.0000
2.7913 0.0000
2.7917 0.0000
2.7921 0.0000
2.7925 0.0000
2.7929 0.0000
2.7933 0.0000
2.7937 0.0000
2.7941 0.0000
2.7945 0.0000
2.7949 0.0000
2.7953 0.0000
2.7957 0.0000
2.7961 0.0000
2.7965 0.0000
2.7969 0.0000
2.7973 0.0000
2.7977 0.0000
2.7981 0.0000
2.7985 0.0000
2.7989 0.0000
2.7993 0.0000
2.7997 0.0000
2.8001 0.0000
2.8005 0.0000
2.8009 0.0000
2.8013 0.0000
2.8017 0.0000
2.8021 0.0000
2.8025 0.0000
2.8029 0.0000
2.8033 0.0000
2.8037 0.0000
2.8041 0.0000
2.8045 0.0000
2.8049 0.0000
2.8053 0.0000
2.8057 0.0000
2.8061 0.0000
2.8065 0.0000
2.8069 0.0000
2.8073 0.0000
2.8077 0.0000
2.8081 0.0000
2.8085 0.0000
2.8089 0.0000
2.8093 0.0000
2.8097 0.0000
2.8101 0.0000
2.8105 0.0000
2.8109 0.0000
2.8113 0.0000
2.8117 0.0000
2.8121 0.0000
2.8125 0.0000
2.8129 0.0000
2.8133 0.0000
2.8137 0.0000
2.8141 0.0000
2.8145 0.0000
2.8149 0.0000
2.8153 0.0000
2.8157 0.0000
2.8161 0.0000
2.8165 0.0000
2.8169 0.0000
2.8173 0.0000
2.8177 0.0000
2.8181 0.0000
2.8185 0.0000
2.8189 0.0000
2.8193 0.0000
2.8197 0.0000
2.8201 0.0000
2.8205 0.0000
2.8209 0.0000
2.8213 0.0000
2.8217 0.0000
2.8221 0.0000
2.8225 0.0000
2.8229 0.0000
2.8233 0.0000
2.8237 0.0000
2.8241 0.0000
2.8245 0.0000
2.8249 0.0000
2.8253 0.0000
2.8257 0.0000
2.8261 0.0000
2.8265 0.0000
2.8269 0.0000
2.8273 0.0000
2.8277 0.0000
2.8281 0.0000
2.8285 0.0000
2.8289 0.0000
2.8293 0.0000
2.8297 0.0000
2.8301 0.0000
2.8305 0.0000
2.8309 0.0000
2.8313 0.0000
2.8317 0.0000
2.8321 0.0000
2.8325 0.0000
2.8329 0.0000
2.8333 0.0000
2.8337 0.0000
2.8341 0.0000
2.8345 0.0000
2.8349 0.0000
2.8353 0.0000
2.8357 0.0000
2.8361 0.0000
2.8365 0.0000
2.8369 0.0000
2.8373 0.0000
2.8377 0.0000
2.8381 0.0000
2.8385 0.0000
2.8389 0.0000
2.8393 0.0000
2.8397 0.0000
2.8401 0.0000
2.8405 0.0000
2.8409 0.0000
2.8413 0.0000
2.8417 0.0000
2.8421 0.0000
2.8425 0.0000
2.8429 0.0000
2.8433 0.0000
2.8437 0.0000
2.8441 0.0000
2.8445 0.0000
2.8449 0.0000
2.8453 0.0000
2.8457 0.0000
2.8461 0.0000
2.8465 0.0000
2.8469 0.0000
2.8473 0.0000
2.8477 0.0000
2.8481 0.0000
2.8485 0.0000
2.8489 0.0000
2.8493 0.0000
2.8497 0.0000
2.8501 0.0000
2.8505 0.0000
2.8509 0.0000
2.8513 0.0000
2.8517 0.0000
2.8521 0.0000
2.8525 0.0000
2.8529 0.0000
2.8533 0.0000
2.8537 0.0000
2.8541 0.0000
2.8545 0.0000
2.8549 0.0000
2.8553 0.0000
2.8557 0.0000
2.8561 0.0000
2.8565 0.0000
2.8569 0.0000
2.8573 0.0000
2.8577 0.0000
2.8581 0.0000
2.8585 0.0000
2.8589 0.0000
2.8593 0.0000
2.8597 0.0000
2.8601 0.0000
2.8605 0.0000
2.8609 0.0000
2.8613 0.0000
2.8617 0.0000
2.8621 0.0000
2.8625 0.0000
2.8629 0.0000
2.8633 0.0000
2.8637 0.0000
2.8641 0.0000
2.8645 0.0000
2.8649 0.0000
2.8653 0.0000
2.8657 0.0000
2.8661 0.0000
2.8665 0.0000
2.8669 0.0000
2.8673 0.0000
2.8677 0.0000
2.8681 0.0000
2.8685 0.0000
2.8689 0.0000
2.8693 0.0000
2.8697 0.0000
2.8701 0.0000
2.8705 0.0000
2.8709 0.0000
2.8713 0.0000
2.8717 0.0000
2.8721 0.0000
2.8725 0.0000
2.8729 0.0000
2.8733 0.0000
2.8737 0.0000
2.8741 0.0000
2.8745 0.0000
2.8749 0.0000
2.8753 0.0000
2.8757 0.0000
2.8761 0.0000
2.8765 0.0000
2.8769 0.0000
2.8773 0.0000
2.8777 0.0000
2.8781 0.0000
2.8785 0.0000
2.8789 0.0000
2.8793 0.0000
2.8797 0.0000
2.8801 0.0000
2.8805 0.0000
2.8809 0.0000
2.8813 0.0000
2.8817 0.0000
2.8821 0.0000
2.8825 0.0000
2.8829 0.0000
2.8833 0.0000
2.8837 0.0000
2.8841 0.0000
2.8845 0.0000
2.8849 0.0000
2.8853 0.0000
2.8857 0.0000
2.8861 0.0000
2.8865 0.0000
2.8869 0.0000
2.8873 0.0000
2.8877 0.0000
2.8881 0.0000
2.8885 0.0000
2.8889 0.0000
2.8893 0.0000
2.8897 0.0000
2.8901 0.0000
2.8905 0.0000
2.8909 0.0000
2.8913 0.0000
2.8917 0.0000
2.8921 0.0000
2.8925 0.0000
2.8929 0.0000
2.8933 0.0000
2.8937 0.0000
2.8941 0.0000
2.8945 0.0000
2.8949 0.0000
2.8953 0.0000
2.8957 0.0000
2.8961 0.0000
2.8965 0.0000
2.8969 0.0000
2.8973 0.0000
2.8977 0.0000
2.8981 0.0000
2.8985 0.0000
2.8989 0.0000
2.8993 0.0000
2.8997 0.0000
2.9001 0.0000
2.9005 0.0000
2.9009 0.0000
2.9013 0.0000
2.9017 0.0000
2.9021 0.0000
2.9025 0.0000
2.9029 0.0000
2.9033 0.0000
2.9037 0.0000
2.9041 0.0000
2.9045 0.0000
2.9049 0.0000
2.9053 0.0000
2.9057 0.0000
2.9061 0.0000
2.9065 0.0000
2.9069 0.0000
2.9073 0.0000
2.9077 0.0000
2.9081 0.0000
2.9085 0.0000
2.9089 0.0000
2.9093 0.0000
2.9097 0.0000
2.9101 0.0000
2.9105 0.0000
2.9109 0.0000
2.9113 0.0000
2.9117 0.0000
2.9121 0.0000
2.9125 0.0000
2.9129 0.0000
2.9133 0.0000
2.9137 0.0000
2.9141 0.0000
2.9145 0.0000
2.9149 0.0000
2.9153 0.0000
2.9157 0.0000
2.9161 0.0000
2.9165 0.0000
2.9169 0.0000
2.9173 0.0000
2.9177 0.0000
2.9181 0.0000
2.9185 0.0000
2.9189 0.0000
2.9193 0.0000
2.9197 0.0000
2.9201 0.0000
2.9205 0.0000
2.9209 0.0000
2.9213 0.0000
2.9217 0.0000
2.9221 0.0000
2.9225 0.0000
2.9229 0.0000
2.9233 0.0000
2.9237 0.0000
2.9241 0.0000
2.9245 0.0000
2.9249 0.0000
2.9253 0.0000
2.9257 0.0000
2.9261 0.0000
2.9265 0.0000
2.9269 0.0000
2.9273 0.0000
2.9277 0.0000
2.9281 0.0000
2.9285 0.0000
2.9289 0.0000
2.9293 0.0000
2.9297 0.0000
2.9301 0.0000
2.9305 0.0000
2.9309 0.0000
2.9313 0.0000
2.9317 0.0000
2.9321 0.0000
2.9325 0.0000
2.9329 0.0000
2.9333 0.0000
2.9337 0.0000
2.9341 0.0000
2.9345 0.0000
2.9349 0.0000
2.9353 0.0000
2.9357 0.0000
2.9361 0.0000
2.9365 0.0000
2.9369 0.0000
2.9373 0.0000
2.9377 0.0000
2.9381 0.0000
2.9385 0.0000
2.9389 0.0000
2.9393 0.0000
2.9397 0.0000
2.9401 0.0000
2.9405 0.0000
2.9409 0.0000
2.9413 0.0000
2.9417 0.0000
2.9421 0.0000
2.9425 0.0000
2.9429 0.0000
2.9433 0.0000
2.9437 0.0000
2.9441 0.0000
2.9445 0.0000
2.9449 0.0000
2.9453 0.0000
2.9457 0.0000
2.9461 0.0000
2.9465 0.0000
2.9469 0.0000
2.9473 0.0000
2.9477 0.0000
2.9481 0.0000
2.9485 0.0000
2.9489 0.0000
2.9493 0.0000
2.9497 0.0000
2.9501 0.0000
2.9505 0.0000
2.9509 0.0000
2.9513 0.0000
2.9517 0.0000
2.9521 0.0000
2.9525 0.0000
2.9529 0.0000
2.9533 0.0000
2.9537 0.0000
2.9541 0.0000
2.9545 0.0000
2.9549 0.0000
2.9553 0.0000
2.9557 0.0000
2.9561 0.0000
2.9565 0.0000
2.9569 0.0000
2.9573 0.0000
2.9577 0.0000
2.9581 0.0000
2.9585 0.0000
2.9589 0.0000
2.9593 0.0000
2.9597 0.0000
2.9601 0.0000
2.9605 0.0000
2.9609 0.0000
2.9613 0.0000
2.9617 0.0000
2.9621 0.0000
2.9625 0.0000
2.9629 0.0000
2.9633 0.0000
2.9637 0.0000
2.9641 0.0000
2.9645 0.0000
2.9649 0.0000
2.9653 0.0000
2.9657 0.0000
2.9661 0.0000
2.9665 0.0000
2.9669 0.0000
2.9673 0.0000
2.9677 0.0000
2.9681 0.0000
2.9685 0.0000
2.9689 0.0000
2.9693 0.0000
2.9697 0.0000
2.9701 0.0000
2.9705 0.0000
2.9709 0.0000
2.9713 0.0000
2.9717 0.0000
2.9721 0.0000
2.9725 0.0000
2.9729 0.0000
2.9733 0.0000
2.9737 0.0008
2.9741 0.0008
2.9745 0.0008
2.9749 0.0008
2.9753 0.0008
2.9757 0.0008
2.9761 0.0008
2.9765 0.0008
2.9769 0.0008
2.9773 0.0008
2.9777 0.0008
2.9781 0.0008
2.9785 0.0008
2.9789 0.0008
2.9793 0.0008
2.9797 0.0008
2.9801 0.0008
2.9805 0.0008
2.9809 0.0008
2.9813 0.0008
2.9817 0.0008
2.9821 0.0008
2.9825 0.0008
2.9829 0.0008
2.9833 0.0008
2.9837 0.0008
2.9841 0.0008
2.9845 0.0008
2.9849 0.0008
2.9853 0.0008
2.9857 0.0008
2.9861 0.0008
2.9865 0.0008
2.9869 0.0008
2.9873 0.0008
2.9877 0.0008
2.9881 0.0008
2.9885 0.0008
2.9889 0.0008
2.9893 0.0016
2.9897 0.0016
2.9901 0.0016
2.9905 0.0016
2.9909 0.0016
2.9913 0.0016
2.9917 0.0016
2.9921 0.0016
2.9925 0.0016
2.9929 0.0016
2.9933 0.0016
2.9937 0.0016
2.9941 0.0016
2.9945 0.0016
2.9949 0.0016
2.9953 0.0016
2.9957 0.0016
2.9961 0.0016
2.9965 0.0016
2.9969 0.0016
2.9973 0.0024
2.9977 0.0024
2.9981 0.0024
2.9985 0.0024
2.9989 0.0024
2.9993 0.0024
2.9997 0.0024
3.0001 0.0024
3.0005 0.0024
3.0009 0.0024
3.0013 0.0024
3.0017 0.0024
3.0021 0.0024
3.0025 0.0032
3.0029 0.0032
3.0033 0.0032
3.0037 0.0032
3.0041 0.0032
3.0045 0.0032
3.0049 0.0032
3.0053 0.0032
3.0057 0.0032
3.0061 0.0040
3.0065 0.0040
3.0069 0.0040
3.0073 0.0040
3.0077 0.0040
3.0081 0.0040
3.0085 0.0040
3.0089 0.0040
3.0093 0.0048
3.0097 0.0048
3.0101 0.0048
3.0105 0.0048
3.0109 0.0048
3.0113 0.0048
3.0117 0.0048
3.0121 0.0056
3.0125 0.0056
3.0129 0.0056
3.0133 0.0056
3.0137 0.0056
3.0141 0.0056
3.0145 0.0064
3.0149 0.0064
3.0153 0.0064
3.0157 0.0064
3.0161 0.0064
3.0165 0.0072
3.0169 0.0072
3.0173 0.0072
3.0177 0.0072
3.0181 0.0072
3.0185 0.0080
3.0189 0.0080
3.0193 0.0080
3.0197 0.0080
3.0201 0.0088
3.0205 0.0088
3.0209 0.0088
3.0213 0.0088
3.0217 0.0096
3.0221 0.0096
3.0225 0.0096
3.0229 0.0096
3.0233 0.0104
3.0237 0.0104
3.0241 0.0104
3.0245 0.0112
3.0249 0.0112
3.0253 0.0112
3.0257 0.0120
3.0261 0.0120
3.0265 0.0120
3.0269 0.0128
3.0273 0.0128
3.0277 0.0128
3.0281 0.0136
3.0285 0.0136
3.0289 0.0144
3.0293 0.0144
3.0297 0.0144
3.0301 0.0152
3.0305 0.0152
3.0309 0.0160
3.0313 0.0160
3.0317 0.0168
3.0321 0.0168
3.0325 0.0168
3.0329 0.0176
3.0333 0.0176
3.0337 0.0184
3.0341 0.0184
3.0345 0.0192
3.0349 0.0192
3.0353 0.0200
3.0357 0.0208
3.0361 0.0208
3.0365 0.0216
3.0369 0.0216
3.0373 0.0224
3.0377 0.0224
3.0381 0.0232
3.0385 0.0240
3.0389 0.0240
3.0393 0.0248
3.0397 0.0256
3.0401 0.0256
3.0405 0.0264
3.0409 0.0272
3.0413 0.0280
3.0417 0.0280
3.0421 0.0288
3.0425 0.0296
3.0429 0.0304
3.0433 0.0304
3.0437 0.0312
3.0441 0.0320
3.0445 0.0328
3.0449 0.0336
3.0453 0.0344
3.0457 0.0344
3.0461 0.0352
3.0465 0.0360
3.0469 0.0368
3.0473 0.0376
3.0477 0.0384
3.0481 0.0392
3.0485 0.0400
3.0489 0.0408
3.0493 0.0416
3.0497 0.0424
3.0501 0.0432
3.0505 0.0440
3.0509 0.0456
3.0513 0.0464
3.0517 0.0472
3.0521 0.0480
3.0525 0.0488
3.0529 0.0504
3.0533 0.0512
3.0537 0.0520
3.0541 0.0528
3.0545 0.0544
3.0549 0.0552
3.0553 0.0560
3.0557 0.0576
3.0561 0.0584
3.0565 0.0600
3.0569 0.0608
3.0573 0.0624
3.0577 0.0632
3.0581 0.0648
3.0585 0.0656
3.0589 0.0672
3.0593 0.0680
3.0597 0.0696
3.0601 0.0712
3.0605 0.0720
3.0609 0.0736
3.0613 0.0752
3.0617 0.0768
3.0621 0.0776
3.0625 0.0792
3.0629 0.0808
3.0633 0.0824
3.0637 0.0840
3.0641 0.0856
3.0645 0.0872
3.0649 0.0888
3.0653 0.0904
3.0657 0.0920
3.0661 0.0936
3.0665 0.0960
3.0669 0.0976
3.0673 0.0992
3.0677 0.1008
3.0681 0.1032
3.0685 0.1048
3.0689 0.1064
3.0693 0.1088
3.0697 0.1104
3.0701 0.1128
3.0705 0.1144
3.0709 0.1168
3.0713 0.1184
3.0717 0.1208
3.0721 0.1232
3.0725 0.1256
3.0729 0.1272
3.0733 0.1296
3.0737 0.1320
3.0741 0.1344
3.0745 0.1368
3.0749 0.1392
3.0753 0.1416
3.0757 0.1440
3.0761 0.1464
3.0765 0.1488
3.0769 0.1520
3.0773 0.1544
3.0777 0.1568
3.0781 0.1600
3.0785 0.1624
3.0789 0.1648
3.0793 0.1680
3.0797 0.1712
3.0801 0.1736
3.0805 0.1768
3.0809 0.1800
3.0813 0.1824
3.0817 0.1856
3.0821 0.1888
3.0825 0.1920
3.0829 0.1952
3.0833 0.1984
3.0837 0.2016
3.0841 0.2048
3.0845 0.2080
3.0849 0.2120
3.0853 0.2152
3.0857 0.2184
3.0861 0.2224
3.0865 0.2256
3.0869 0.2296
3.0873 0.2336
3.0877 0.2368
3.0881 0.2408
3.0885 0.2448
3.0889 0.2488
3.0893 0.2528
3.0897 0.2568
3.0901 0.2608
3.0905 0.2648
3.0909 0.2688
3.0913 0.2728
3.0917 0.2776
3.0921 0.2816
3.0925 0.2864
3.0929 0.2904
3.0933 0.2952
3.0937 0.2992
3.0941 0.3040
3.0945 0.3088
3.0949 0.3136
3.0953 0.3184
3.0957 0.3232
3.0961 0.3280
3.0965 0.3328
3.0969 0.3384
3.0973 0.3432
3.0977 0.3480
3.0981 0.3536
3.0985 0.3584
3.0989 0.3640
3.0993 0.3696
3.0997 0.3744
3.1001 0.3800
3.1005 0.3856
3.1009 0.3912
3.1013 0.3968
3.1017 0.4032
3.1021 0.4088
3.1025 0.4144
3.1029 0.4208
3.1033 0.4264
3.1037 0.4328
3.1041 0.4392
3.1045 0.4448
3.1049 0.4512
3.1053 0.4576
3.1057 0.4640
3.1061 0.4704
3.1065 0.4776
3.1069 0.4840
3.1073 0.4904
3.1077 0.4976
3.1081 0.5040
3.1085 0.5112
3.1089 0.5184
3.1093 0.5256
3.1097 0.5328
3.1101 0.5400
3.1105 0.5472
3.1109 0.5544
3.1113 0.5616
3.1117 0.5696
3.1121 0.5768
3.1125 0.5848
3.1129 0.5920
3.1133 0.6000
3.1137 0.6080
3.1141 0.6160
3.1145 0.6240
3.1149 0.6320
3.1153 0.6408
3.1157 0.6488
3.1161 0.6568
3.1165 0.6656
3.1169 0.6744
3.1173 0.6824
3.1177 0.6912
3.1181 0.7000
3.1185 0.7088
3.1189 0.7176
3.1193 0.7272
3.1197 0.7360
3.1201 0.7448
3.1205 0.7544
3.1209 0.7640
3.1213 0.7728
3.1217 0.7824
3.1221 0.7920
3.1225 0.8016
3.1229 0.8112
3.1233 0.8216
3.1237 0.8312
3.1241 0.8408
3.1245 0.8512
3.1249 0.8616
3.1253 0.8712
3.1257 0.8816
3.1261 0.8920
3.1265 0.9024
3.1269 0.9136
3.1273 0.9240
3.1277 0.9344
3.1281 0.9456
3.1285 0.9560
3.1289 0.9672
3.1293 0.9784
3.1297 0.9896
3.1301 1.0008
3.1305 1.0120
3.1309 1.0232
3.1313 1.0352
3.1317 1.0464
3.1321 1.0584
3.1325 1.0696
3.1329 1.0816
3.1333 1.0936
3.1337 1.1056
3.1341 1.1176
3.1345 1.1296
3.1349 1.1416
3.1353 1.1544
3.1357 1.1664
3.1361 1.1792
3.1365 1.1912
3.1369 1.2040
3.1373 1.2168
3.1377 1.2296
3.1381 1.2424
3.1385 1.2552
3.1389 1.2688
3.1393 1.2816
3.1397 1.2944
3.1401 1.3080
3.1405 1.3216
3.1409 1.3344
3.1413 1.3480
3.1417 1.3616
3.1421 1.3752
3.1425 1.3888
3.1429 1.4032
3.1433 1.4168
3.1437 1.4304
3.1441 1.4448
3.1445 1.4592
3.1449 1.4728
3.1453 1.4872
3.1457 1.5016
3.1461 1.5160
3.1465 1.5304
3.1469 1.5448
3.1473 1.5600
3.1477 1.5744
3.1481 1.5888
3.1485 1.6040
3.1489 1.6192
3.1493 1.6336
3.1497 1.6488
3.1501 1.6640
3.1505 1.6792
3.1509 1.6944
3.1513 1.7096
3.1517 1.7248
3.1521 1.7400
3.1525 1.7560
3.1529 1.7712
3.1533 1.7872
3.1537 1.8024
3.1541 1.8184
3.1545 1.8344
3.1549 1.8504
3.1553 1.8656
3.1557 1.8816
3.1561 1.8976
3.1565 1.9144
3.1569 1.9304
3.1573 1.9464
3.1577 1.9624
3.1581 1.9792
3.1585 1.9952
3.1589 2.0112
3.1593 2.0280
3.1597 2.0448
3.1601 2.0608
3.1605 2.0776
3.1609 2.0944
3.1613 2.1112
3.1617 2.1272
3.1621 2.1440
3.1625 2.1608
3.1629 2.1776
3.1633 2.1944
3.1637 2.2120
3.1641 2.2288
3.1645 2.2456
3.1649 2.2624
3.1653 2.2800
3.1657 2.2968
3.1661 2.3136
3.1665 2.3312
3.1669 2.3480
3.1673 2.3656
3.1677 2.3824
3.1681 2.4000
3.1685 2.4168
3.1689 2.4344
3.1693 2.4520
3.1697 2.4688
3.1701 2.4864
3.1705 2.5040
3.1709 2.5216
3.1713 2.5384
3.1717 2.5560
3.1721 2.5736
3.1725 2.5912
3.1729 2.6088
3.1733 2.6256
3.1737 2.6432
3.1741 2.6608
3.1745 2.6784
3.1749 2.6960
3.1753 2.7136
3.1757 2.7312
3.1761 2.7488
3.1765 2.7656
3.1769 2.7832
3.1773 2.8008
3.1777 2.8184
3.1781 2.8360
3.1785 2.8536
3.1789 2.8712
3.1793 2.8888
3.1797 2.9056
3.1801 2.9232
3.1805 2.9408
3.1809 2.9584
3.1813 2.9752
3.1817 2.9928
3.1821 3.0104
3.1825 3.0280
3.1829 3.0448
3.1833 3.0624
3.1837 3.0792
3.1841 3.0968
3.1845 3.1136
3.1849 3.1312
3.1853 3.1480
3.1857 3.1656
3.1861 3.1824
3.1865 3.1992
3.1869 3.2168
3.1873 3.2336
3.1877 3.2504
3.1881 3.2672
3.1885 3.2840
3.1889 3.3008
3.1893 3.3176
3.1897 3.3344
3.1901 3.3512
3.1905 3.3680
3.1909 3.3840
3.1913 3.4008
3.1917 3.4176
3.1921 3.4336
3.1925 3.4504
3.1929 3.4664
3.1933 3.4824
3.1937 3.4984
3.1941 3.5152
3.1945 3.5312
3.1949 3.5472
3.1953 3.5632
3.1957 3.5784
3.1961 3.5944
3.1965 3.6104
3.1969 3.6256
3.1973 3.6416
3.1977 3.6568
3.1981 3.6720
3.1985 3.6880
3.1989 3.7032
3.1993 3.7184
3.1997 3.7336
3.2001 3.7480
3.2005 3.7632
3.2009 3.7784
3.2013 3.7928
3.2017 3.8072
3.2021 3.8224
3.2025 3.8368
3.2029 3.8512
3.2033 3.8656
3.2037 3.8800
3.2041 3.8936
3.2045 3.9080
3.2049 3.9216
3.2053 3.9360
3.2057 3.9496
3.2061 3.9632
3.2065 3.9768
3.2069 3.9904
3.2073 4.0032
3.2077 4.0168
3.2081 4.0296
3.2085 4.0432
3.2089 4.0560
3.2093 4.0688
3.2097 4.0816
3.2101 4.0936
3.2105 4.1064
3.2109 4.1184
3.2113 4.1312
3.2117 4.1432
3.2121 4.1552
3.2125 4.1672
3.2129 4.1792
3.2133 4.1904
3.2137 4.2024
3.2141 4.2136
3.2145 4.2248
3.2149 4.2360
3.2153 4.2472
3.2157 4.2584
3.2161 4.2688
3.2165 4.2800
3.2169 4.2904
3.2173 4.3008
3.2177 4.3112
3.2181 4.3216
3.2185 4.3312
3.2189 4.3416
3.2193 4.3512
3.2197 4.3608
3.2201 4.3704
3.2205 4.3800
3.2209 4.3888
3.2213 4.3984
3.2217 4.4072
3.2221 4.4160
3.2225 4.4248
3.2229 4.4336
3.2233 4.4424
3.2237 4.4504
3.2241 4.4584
3.2245 4.4664
3.2249 4.4744
3.2253 4.4824
3.2257 4.4904
3.2261 4.4976
3.2265 4.5048
3.2269 4.5120
3.2273 4.5192
3.2277 4.5264
3.2281 4.5328
3.2285 4.5400
3.2289 4.5464
3.2293 4.5528
3.2297 4.5592
3.2301 4.5648
3.2305 4.5712
3.2309 4.5768
3.2313 4.5824
3.2317 4.5880
3.2321 4.5936
3.2325 4.5984
3.2329 4.6040
3.2333 4.6088
3.2337 4.6136
3.2341 4.6184
3.2345 4.6224
3.2349 4.6272
3.2353 4.6312
3.2357 4.6352
3.2361 4.6392
3.2365 4.6432
3.2369 4.6472
3.2373 4.6504
3.2377 4.6536
3.2381 4.6568
3.2385 4.6600
3.2389 4.6632
3.2393 4.6656
3.2397 4.6688
3.2401 4.6712
3.2405 4.6736
3.2409 4.6760
3.2413 4.6776
3.2417 4.6800
3.2421 4.6816
3.2425 4.6832
3.2429 4.6848
3.2433 4.6856
3.2437 4.6872
3.2441 4.6880
3.2445 4.6896
3.2449 4.6904
3.2453 4.6904
3.2457 4.6912
3.2461 4.6920
3.2465 4.6920
3.2469 4.6920
3.2473 4.6920
3.2477 4.6920
3.2481 4.6912
3.2485 4.6912
3.2489 4.6904
3.2493 4.6896
3.2497 4.6888
3.2502 4.6880
3.2506 4.6864
3.2510 4.6856
3.2514 4.6840
3.2518 4.6824
3.2522 4.6808
3.2526 4.6792
3.2530 4.6768
3.2534 4.6752
3.2538 4.6728
3.2542 4.6704
3.2546 4.6680
3.2550 4.6656
3.2554 4.6632
3.2558 4.6600
3.2562 4.6568
3.2566 4.6536
3.2570 4.6504
3.2574 4.6472
3.2578 4.6440
3.2582 4.6400
3.2586 4.6368
3.2590 4.6328
3.2594 4.6288
3.2598 4.6248
3.2602 4.6208
3.2606 4.6160
3.2610 4.6120
3.2614 4.6072
3.2618 4.6024
3.2622 4.5976
3.2626 4.5928
3.2630 4.5880
3.2634 4.5824
3.2638 4.5776
3.2642 4.5720
3.2646 4.5664
3.2650 4.5608
3.2654 4.5552
3.2658 4.5496
3.2662 4.5432
3.2666 4.5376
3.2670 4.5312
3.2674 4.5248
3.2678 4.5184
3.2682 4.5120
3.2686 4.5056
3.2690 4.4992
3.2694 4.4920
3.2698 4.4856
3.2702 4.4784
3.2706 4.4712
3.2710 4.4640
3.2714 4.4568
3.2718 4.4496
3.2722 4.4424
3.2726 4.4344
3.2730 4.4272
3.2734 4.4192
3.2738 4.4112
3.2742 4.4032
3.2746 4.3952
3.2750 4.3872
3.2754 4.3792
3.2758 4.3712
3.2762 4.3624
3.2766 4.3536
3.2770 4.3456
3.2774 4.3368
3.2778 4.3280
3.2782 4.3192
3.2786 4.3104
3.2790 4.3016
3.2794 4.2920
3.2798 4.2832
3.2802 4.2744
3.2806 4.2648
3.2810 4.2552
3.2814 4.2456
3.2818 4.2368
3.2822 4.2272
3.2826 4.2168
3.2830 4.2072
3.2834 4.1976
3.2838 4.1880
3.2842 4.1776
3.2846 4.1680
3.2850 4.1576
3.2854 4.1480
3.2858 4.1376
3.2862 4.1272
3.2866 4.1168
3.2870 4.1064
3.2874 4.0960
3.2878 4.0856
3.2882 4.0752
3.2886 4.0640
3.2890 4.0536
3.2894 4.0424
3.2898 4.0320
3.2902 4.0208
3.2906 4.0104
3.2910 3.9992
3.2914 3.9880
3.2918 3.9768
3.2922 3.9656
3.2926 3.9544
3.2930 3.9432
3.2934 3.9320
3.2938 3.9208
3.2942 3.9096
3.2946 3.8984
3.2950 3.8864
3.2954 3.8752
3.2958 3.8632
3.2962 3.8520
3.2966 3.8400
3.2970 3.8288
3.2974 3.8168
3.2978 3.8056
3.2982 3.7936
3.2986 3.7816
3.2990 3.7696
3.2994 3.7576
3.2998 3.7456
3.3002 3.7344
3.3006 3.7224
3.3010 3.7104
3.3014 3.6976
3.3018 3.6856
3.3022 3.6736
3.3026 3.6616
3.3030 3.6496
3.3034 3.6376
3.3038 3.6248
3.3042 3.6128
3.3046 3.6008
3.3050 3.5888
3.3054 3.5760
3.3058 3.5640
3.3062 3.5512
3.3066 3.5392
3.3070 3.5272
3.3074 3.5144
3.3078 3.5024
3.3082 3.4896
3.3086 3.4776
3.3090 3.4648
3.3094 3.4528
3.3098 3.4400
3.3102 3.4280
3.3106 3.4152
3.3110 3.4032
3.3114 3.3904
3.3118 3.3776
3.3122 3.3656
3.3126 3.3528
3.3130 3.3408
3.3134 3.3280
3.3138 3.3152
3.3142 3.3032
3.3146 3.2904
3.3150 3.2784
3.3154 3.2656
3.3158 3.2536
3.3162 3.2408
3.3166 3.2288
3.3170 3.2160
3.3174 3.2040
3.3178 3.1912
3.3182 3.1792
3.3186 3.1664
3.3190 3.1544
3.3194 3.1416
3.3198 3.1296
3.3202 3.1168
3.3206 3.1048
3.3210 3.0928
3.3214 3.0800
3.3218 3.0680
3.3222 3.0560
3.3226 3.0440
3.3230 3.0320
3.3234 3.0192
3.3238 3.0072
3.3242 2.9952
3.3246 2.9832
3.3250 2.9712
3.3254 2.9592
3.3258 2.9472
3.3262 2.9352
3.3266 2.9232
3.3270 2.9120
3.3274 2.9000
3.3278 2.8880
3.3282 2.8768
3.3286 2.8648
3.3290 2.8528
3.3294 2.8416
3.3298 2.8296
3.3302 2.8184
3.3306 2.8072
3.3310 2.7952
3.3314 2.7840
3.3318 2.7728
3.3322 2.7616
3.3326 2.7504
3.3330 2.7392
3.3334 2.7280
3.3338 2.7168
3.3342 2.7064
3.3346 2.6952
3.3350 2.6840
3.3354 2.6736
3.3358 2.6632
3.3362 2.6520
3.3366 2.6416
3.3370 2.6312
3.3374 2.6208
3.3378 2.6104
3.3382 2.6000
3.3386 2.5896
3.3390 2.5792
3.3394 2.5688
3.3398 2.5592
3.3402 2.5488
3.3406 2.5392
3.3410 2.5296
3.3414 2.5200
3.3418 2.5104
3.3422 2.5008
3.3426 2.4912
3.3430 2.4816
3.3434 2.4720
3.3438 2.4632
3.3442 2.4536
3.3446 2.4448
3.3450 2.4360
3.3454 2.4272
3.3458 2.4184
3.3462 2.4096
3.3466 2.4016
3.3470 2.3928
3.3474 2.3848
3.3478 2.3760
3.3482 2.3680
3.3486 2.3600
3.3490 2.3520
3.3494 2.3440
3.3498 2.3368
3.3502 2.3288
3.3506 2.3216
3.3510 2.3144
3.3514 2.3072
3.3518 2.3000
3.3522 2.2928
3.3526 2.2856
3.3530 2.2792
3.3534 2.2720
3.3538 2.2656
3.3542 2.2592
3.3546 2.2536
3.3550 2.2472
3.3554 2.2408
3.3558 2.2352
3.3562 2.2296
3.3566 2.2240
3.3570 2.2184
3.3574 2.2128
3.3578 2.2080
3.3582 2.2032
3.3586 2.1976
3.3590 2.1936
3.3594 2.1888
3.3598 2.1840
3.3602 2.1800
3.3606 2.1760
3.3610 2.1720
3.3614 2.1680
3.3618 2.1640
3.3622 2.1608
3.3626 2.1576
3.3630 2.1544
3.3634 2.1512
3.3638 2.1480
3.3642 2.1456
3.3646 2.1432
3.3650 2.1408
3.3654 2.1384
3.3658 2.1360
3.3662 2.1344
3.3666 2.1328
3.3670 2.1312
3.3674 2.1296
3.3678 2.1288
3.3682 2.1280
3.3686 2.1272
3.3690 2.1264
3.3694 2.1264
3.3698 2.1256
3.3702 2.1256
3.3706 2.1256
3.3710 2.1264
3.3714 2.1272
3.3718 2.1272
3.3722 2.1288
3.3726 2.1296
3.3730 2.1312
3.3734 2.1328
3.3738 2.1344
3.3742 2.1360
3.3746 2.1384
3.3750 2.1408
3.3754 2.1432
3.3758 2.1464
3.3762 2.1496
3.3766 2.1528
3.3770 2.1560
3.3774 2.1592
3.3778 2.1632
3.3782 2.1672
3.3786 2.1720
3.3790 2.1768
3.3794 2.1816
3.3798 2.1864
3.3802 2.1912
3.3806 2.1968
3.3810 2.2024
3.3814 2.2088
3.3818 2.2144
3.3822 2.2208
3.3826 2.2280
3.3830 2.2344
3.3834 2.2416
3.3838 2.2488
3.3842 2.2568
3.3846 2.2648
3.3850 2.2728
3.3854 2.2808
3.3858 2.2896
3.3862 2.2984
3.3866 2.3072
3.3870 2.3168
3.3874 2.3264
3.3878 2.3360
3.3882 2.3464
3.3886 2.3568
3.3890 2.3672
3.3894 2.3784
3.3898 2.3896
3.3902 2.4008
3.3906 2.4128
3.3910 2.4248
3.3914 2.4368
3.3918 2.4496
3.3922 2.4624
3.3926 2.4752
3.3930 2.4880
3.3934 2.5016
3.3938 2.5160
3.3942 2.5296
3.3946 2.5440
3.3950 2.5592
3.3954 2.5736
3.3958 2.5888
3.3962 2.6048
3.3966 2.6208
3.3970 2.6368
3.3974 2.6528
3.3978 2.6696
3.3982 2.6864
3.3986 2.7040
3.3990 2.7208
3.3994 2.7392
3.3998 2.7568
3.4002 2.7752
3.4006 2.7936
3.4010 2.8128
3.4014 2.8320
3.4018 2.8520
3.4022 2.8712
3.4026 2.8912
3.4030 2.9120
3.4034 2.9328
3.4038 2.9536
3.4042 2.9752
3.4046 2.9968
3.4050 3.0184
3.4054 3.0408
3.4058 3.0632
3.4062 3.0856
3.4066 3.1088
3.4070 3.1320
3.4074 3.1560
3.4078 3.1800
3.4082 3.2040
3.4086 3.2288
3.4090 3.2536
3.4094 3.2784
3.4098 3.3040
3.4102 3.3296
3.4106 3.3560
3.4110 3.3824
3.4114 3.4088
3.4118 3.4360
3.4122 3.4632
3.4126 3.4904
3.4130 3.5184
3.4134 3.5464
3.4138 3.5752
3.4142 3.6040
3.4146 3.6328
3.4150 3.6624
3.4154 3.6920
3.4158 3.7216
3.4162 3.7520
3.4166 3.7824
3.4170 3.8136
3.4174 3.8448
3.4178 3.8760
3.4182 3.9080
3.4186 3.9400
3.4190 3.9720
3.4194 4.0048
3.4198 4.0376
3.4202 4.0712
3.4206 4.1048
3.4210 4.1384
3.4214 4.1728
3.4218 4.2072
3.4222 4.2416
3.4226 4.2768
3.4230 4.3120
3.4234 4.3472
3.4238 4.3832
3.4242 4.4192
3.4246 4.4560
3.4250 4.4928
3.4254 4.5296
3.4258 4.5672
3.4262 4.6048
3.4266 4.6424
3.4270 4.6808
3.4274 4.7192
3.4278 4.7576
3.4282 4.7968
3.4286 4.8360
3.4290 4.8752
3.4294 4.9152
3.4298 4.9552
3.4302 4.9952
3.4306 5.0360
3.4310 5.0768
3.4314 5.1176
3.4318 5.1592
3.4322 5.2008
3.4326 5.2424
3.4330 5.2848
3.4334 5.3272
3.4338 5.3696
3.4342 5.4128
3.4346 5.4560
3.4350 5.4992
3.4354 5.5432
3.4358 5.5864
3.4362 5.6312
3.4366 5.6752
3.4370 5.7200
3.4374 5.7648
3.4378 5.8096
3.4382 5.8552
3.4386 5.9008
3.4390 5.9464
3.4394 5.9920
3.4398 6.0384
3.4402 6.0848
3.4406 6.1312
3.4410 6.1784
3.4414 6.2256
3.4418 6.2728
3.4422 6.3200
3.4426 6.3680
3.4430 6.4160
3.4434 6.4640
3.4438 6.5120
3.4442 6.5608
3.4446 6.6096
3.4450 6.6584
3.4454 6.7072
3.4458 6.7568
3.4462 6.8056
3.4466 6.8552
3.4470 6.9056
3.4474 6.9552
3.4478 7.0056
3.4482 7.0552
3.4486 7.1056
3.4490 7.1568
3.4494 7.2072
3.4498 7.2584
3.4502 7.3096
3.4506 7.3608
3.4510 7.4120
3.4514 7.4632
3.4518 7.5152
3.4522 7.5664
3.4526 7.6184
3.4530 7.6704
3.4534 7.7224
3.4538 7.7752
3.4542 7.8272
3.4546 7.8800
3.4550 7.9328
3.4554 7.9848
3.4558 8.0384
3.4562 8.0912
3.4566 8.1440
3.4570 8.1968
3.4574 8.2504
3.4578 8.3032
3.4582 8.3568
3.4586 8.4104
3.4590 8.4640
3.4594 8.5176
3.4598 8.5712
3.4602 8.6248
3.4606 8.6784
3.4610 8.7328
3.4614 8.7864
3.4618 8.8408
3.4622 8.8944
3.4626 8.9488
3.4630 9.0024
3.4634 9.0568
3.4638 9.1112
3.4642 9.1648
3.4646 9.2192
3.4650 9.2736
3.4654 9.3280
3.4658 9.3816
3.4662 9.4360
3.4666 9.4904
3.4670 9.5448
3.4674 9.5992
3.4678 9.6536
3.4682 9.7072
3.4686 9.7616
3.4690 9.8160
3.4694 9.8704
3.4698 9.9240
3.4702 9.9784
3.4706 10.0328
3.4710 10.0864
3.4714 10.1408
3.4718 10.1944
3.4722 10.2488
3.4726 10.3024
3.4730 10.3560
3.4734 10.4104
3.4738 10.4640
3.4742 10.5176
3.4746 10.5712
3.4750 10.6240
3.4754 10.6776
3.4758 10.7312
3.4762 10.7840
3.4766 10.8376
3.4770 10.8904
3.4774 10.9432
3.4778 10.9960
3.4782 11.0488
3.4786 11.1016
3.4790 11.1544
3.4794 11.2064
3.4798 11.2584
3.4802 11.3112
3.4806 11.3632
3.4810 11.4144
3.4814 11.4664
3.4818 11.5184
3.4822 11.5696
3.4826 11.6208
3.4830 11.6720
3.4834 11.7232
3.4838 11.7736
3.4842 11.8248
3.4846 11.8752
3.4850 11.9256
3.4854 11.9752
3.4858 12.0256
3.4862 12.0752
3.4866 12.1248
3.4870 12.1744
3.4874 12.2232
3.4878 12.2728
3.4882 12.3216
3.4886 12.3704
3.4890 12.4184
3.4894 12.4672
3.4898 12.5152
3.4902 12.5624
3.4906 12.6104
3.4910 12.6576
3.4914 12.7048
3.4918 12.7520
3.4922 12.7984
3.4926 12.8448
3.4930 12.8912
3.4934 12.9376
3.4938 12.9832
3.4942 13.0288
3.4946 13.0744
3.4950 13.1192
3.4954 13.1640
3.4958 13.2088
3.4962 13.2528
3.4966 13.2968
3.4970 13.3408
3.4974 13.3840
3.4978 13.4272
3.4982 13.4704
3.4986 13.5128
3.4990 13.5552
3.4994 13.5976
3.4998 13.6392
3.5002 13.6808
3.5006 13.7224
3.5010 13.7632
3.5014 13.8040
3.5018 13.8448
3.5022 13.8848
3.5026 13.9248
3.5030 13.9640
3.5034 14.0032
3.5038 14.0424
3.5042 14.0808
3.5046 14.1192
3.5050 14.1576
3.5054 14.1952
3.5058 14.2328
3.5062 14.2696
3.5066 14.3064
3.5070 14.3432
3.5074 14.3792
3.5078 14.4152
3.5082 14.4504
3.5086 14.4856
3.5090 14.5208
3.5094 14.5552
3.5098 14.5896
3.5102 14.6232
3.5106 14.6568
3.5110 14.6904
3.5114 14.7232
3.5118 14.7560
3.5122 14.7880
3.5126 14.8200
3.5130 14.8520
3.5134 14.8832
3.5138 14.9136
3.5142 14.9448
3.5146 14.9752
3.5150 15.0048
3.5154 15.0344
3.5158 15.0640
3.5162 15.0928
3.5166 15.1208
3.5170 15.1496
3.5174 15.1776
3.5178 15.2048
3.5182 15.2320
3.5186 15.2592
3.5190 15.2856
3.5194 15.3120
3.5198 15.3376
3.5202 15.3632
3.5206 15.3888
3.5210 15.4136
3.5214 15.4376
3.5218 15.4616
3.5222 15.4856
3.5226 15.5096
3.5230 15.5320
3.5234 15.5552
3.5238 15.5776
3.5242 15.6000
3.5246 15.6216
3.5250 15.6432
3.5254 15.6640
3.5258 15.6848
3.5262 15.7056
3.5266 15.7256
3.5270 15.7448
3.5274 15.7648
3.5278 15.7832
3.5282 15.8024
3.5286 15.8208
3.5290 15.8384
3.5294 15.8568
3.5298 15.8736
3.5302 15.8912
3.5306 15.9080
3.5310 15.9240
3.5314 15.9400
3.5318 15.9560
3.5322 15.9712
3.5326 15.9864
3.5330 16.0016
3.5334 16.0160
3.5338 16.0296
3.5342 16.0440
3.5346 16.0576
3.5350 16.0704
3.5354 16.0832
3.5358 16.0960
3.5362 16.1080
3.5366 16.1200
3.5370 16.1320
3.5374 16.1432
3.5378 16.1544
3.5382 16.1648
3.5386 16.1752
3.5390 16.1856
3.5394 16.1952
3.5398 16.2048
3.5402 16.2136
3.5406 16.2224
3.5410 16.2312
3.5414 16.2392
3.5418 16.2472
3.5422 16.2552
3.5426 16.2624
3.5430 16.2696
3.5434 16.2768
3.5438 16.2832
3.5442 16.2896
3.5446 16.2960
3.5450 16.3016
3.5454 16.3072
3.5458 16.3120
3.5462 16.3168
3.5466 16.3216
3.5470 16.3264
3.5474 16.3304
3.5478 16.3344
3.5482 16.3376
3.5486 16.3408
3.5490 16.3440
3.5494 16.3472
3.5498 16.3496
3.5502 16.3520
3.5506 16.3544
3.5510 16.3560
3.5514 16.3576
3.5518 16.3592
3.5522 16.3600
3.5526 16.3608
3.5530 16.3616
3.5534 16.3624
3.5538 16.3624
3.5542 16.3624
3.5546 16.3624
3.5550 16.3616
3.5554 16.3608
3.5558 16.3600
3.5562 16.3584
3.5566 16.3576
3.5570 16.3560
3.5574 16.3544
3.5578 16.3520
3.5582 16.3496
3.5586 16.3472
3.5590 16.3448
3.5594 16.3424
3.5598 16.3392
3.5602 16.3360
3.5606 16.3328
3.5610 16.3288
3.5614 16.3248
3.5618 16.3216
3.5622 16.3168
3.5626 16.3128
3.5630 16.3080
3.5634 16.3040
3.5638 16.2984
3.5642 16.2936
3.5646 16.2888
3.5650 16.2832
3.5654 16.2776
3.5658 16.2720
3.5662 16.2664
3.5666 16.2600
3.5670 16.2536
3.5674 16.2472
3.5678 16.2408
3.5682 16.2344
3.5686 16.2272
3.5690 16.2208
3.5694 16.2136
3.5698 16.2064
3.5702 16.1992
3.5706 16.1912
3.5710 16.1840
3.5714 16.1760
3.5718 16.1680
3.5722 16.1600
3.5726 16.1520
3.5730 16.1432
3.5734 16.1352
3.5738 16.1264
3.5742 16.1176
3.5746 16.1088
3.5750 16.1000
3.5754 16.0904
3.5758 16.0816
3.5762 16.0720
3.5766 16.0632
3.5770 16.0536
3.5774 16.0440
3.5778 16.0336
3.5782 16.0240
3.5786 16.0144
3.5790 16.0040
3.5794 15.9936
3.5798 15.9832
3.5802 15.9728
3.5806 15.9624
3.5810 15.9520
3.5814 15.9416
3.5818 15.9304
3.5822 15.9200
3.5826 15.9088
3.5830 15.8976
3.5834 15.8872
3.5838 15.8752
3.5842 15.8640
3.5846 15.8528
3.5850 15.8416
3.5854 15.8296
3.5858 15.8184
3.5862 15.8064
3.5866 15.7952
3.5870 15.7832
3.5874 15.7712
3.5878 15.7592
3.5882 15.7472
3.5886 15.7352
3.5890 15.7224
3.5894 15.7104
3.5898 15.6976
3.5902 15.6856
3.5906 15.6728
3.5910 15.6608
3.5914 15.6480
3.5918 15.6352
3.5922 15.6224
3.5926 15.6096
3.5930 15.5968
3.5934 15.5840
3.5938 15.5704
3.5942 15.5576
3.5946 15.5448
3.5950 15.5312
3.5954 15.5184
3.5958 15.5048
3.5962 15.4912
3.5966 15.4784
3.5970 15.4648
3.5974 15.4512
3.5978 15.4376
3.5982 15.4240
3.5986 15.4104
3.5990 15.3968
3.5994 15.3824
3.5998 15.3688
3.6002 15.3552
3.6006 15.3408
3.6010 15.3272
3.6014 15.3128
3.6018 15.2992
3.6022 15.2848
3.6026 15.2704
3.6030 15.2560
3.6034 15.2424
3.6038 15.2280
3.6042 15.2136
3.6046 15.1992
3.6050 15.1840
3.6054 15.1696
3.6058 15.1552
3.6062 15.1408
3.6066 15.1256
3.6070 15.1112
3.6074 15.0968
3.6078 15.0816
3.6082 15.0672
3.6086 15.0520
3.6090 15.0368
3.6094 15.0216
3.6098 15.0072
3.6102 14.9920
3.6106 14.9768
3.6110 14.9616
3.6114 14.9464
3.6118 14.9312
3.6122 14.9160
3.6126 14.9000
3.6130 14.8848
3.6134 14.8696
3.6138 14.8536
3.6142 14.8384
3.6146 14.8224
3.6150 14.8072
3.6154 14.7912
3.6158 14.7760
3.6162 14.7600
3.6166 14.7440
3.6170 14.7280
3.6174 14.7120
3.6178 14.6960
3.6182 14.6800
3.6186 14.6640
3.6190 14.6480
3.6194 14.6320
3.6198 14.6152
3.6202 14.5992
3.6206 14.5832
3.6210 14.5664
3.6214 14.5504
3.6218 14.5336
3.6222 14.5168
3.6226 14.5000
3.6230 14.4840
3.6234 14.4672
3.6238 14.4504
3.6242 14.4336
3.6246 14.4168
3.6250 14.3992
3.6254 14.3824
3.6258 14.3656
3.6262 14.3488
3.6266 14.3312
3.6270 14.3144
3.6274 14.2968
3.6278 14.2792
3.6282 14.2624
3.6286 14.2448
3.6290 14.2272
3.6294 14.2096
3.6298 14.1920
3.6302 14.1744
3.6306 14.1568
3.6310 14.1384
3.6314 14.1208
3.6318 14.1032
3.6322 14.0848
3.6326 14.0664
3.6330 14.0488
3.6334 14.0304
3.6338 14.0120
3.6342 13.9936
3.6346 13.9752
3.6350 13.9568
3.6354 13.9384
3.6358 13.9200
3.6362 13.9016
3.6366 13.8824
3.6370 13.8640
3.6374 13.8448
3.6378 13.8256
3.6382 13.8072
3.6386 13.7880
3.6390 13.7688
3.6394 13.7496
3.6398 13.7304
3.6402 13.7104
3.6406 13.6912
3.6410 13.6720
3.6414 13.6520
3.6418 13.6328
3.6422 13.6128
3.6426 13.5928
3.6430 13.5728
3.6434 13.5528
3.6438 13.5328
3.6442 13.5128
3.6446 13.4928
3.6450 13.4720
3.6454 13.4520
3.6458 13.4312
3.6462 13.4112
3.6466 13.3904
3.6470 13.3696
3.6474 13.3488
3.6478 13.3280
3.6482 13.3072
3.6486 13.2856
3.6490 13.2648
3.6494 13.2432
3.6498 13.2224
3.6502 13.2008
3.6506 13.1792
3.6510 13.1576
3.6514 13.1360
3.6518 13.1144
3.6522 13.0928
3.6526 13.0712
3.6530 13.0488
3.6534 13.0264
3.6538 13.0048
3.6542 12.9824
3.6546 12.9600
3.6550 12.9376
3.6554 12.9152
3.6558 12.8928
3.6562 12.8696
3.6566 12.8472
3.6570 12.8240
3.6574 12.8008
3.6578 12.7776
3.6582 12.7552
3.6586 12.7312
3.6590 12.7080
3.6594 12.6848
3.6598 12.6616
3.6602 12.6376
3.6606 12.6136
3.6610 12.5904
3.6614 12.5664
3.6618 12.5424
3.6622 12.5176
3.6626 12.4936
3.6630 12.4696
3.6634 12.4448
3.6638 12.4208
3.6642 12.3960
3.6646 12.3712
3.6650 12.3464
3.6654 12.3216
3.6658 12.2968
3.6662 12.2712
3.6666 12.2464
3.6670 12.2208
3.6674 12.1952
3.6678 12.1704
3.6682 12.1448
3.6686 12.1192
3.6690 12.0928
3.6694 12.0672
3.6698 12.0408
3.6702 12.0152
3.6706 11.9888
3.6710 11.9624
3.6714 11.9360
3.6718 11.9096
3.6722 11.8832
3.6726 11.8568
3.6730 11.8296
3.6734 11.8024
3.6738 11.7760
3.6742 11.7488
3.6746 11.7216
3.6750 11.6944
3.6754 11.6664
3.6758 11.6392
3.6762 11.6120
3.6766 11.5840
3.6770 11.5560
3.6774 11.5280
3.6778 11.5000
3.6782 11.4720
3.6786 11.4440
3.6790 11.4160
3.6794 11.3872
3.6798 11.3584
3.6802 11.3304
3.6806 11.3016
3.6810 11.2728
3.6814 11.2440
3.6818 11.2144
3.6822 11.1856
3.6826 11.1560
3.6830 11.1272
3.6834 11.0976
3.6838 11.0680
3.6842 11.0384
3.6846 11.0088
3.6850 10.9792
3.6854 10.9488
3.6858 10.9192
3.6862 10.8888
3.6866 10.8592
3.6870 10.8288
3.6874 10.7984
3.6878 10.7680
3.6882 10.7368
3.6886 10.7064
3.6890 10.6760
3.6894 10.6448
3.6898 10.6136
3.6902 10.5824
3.6906 10.5512
3.6910 10.5200
3.6914 10.4888
3.6918 10.4576
3.6922 10.4264
3.6926 10.3944
3.6930 10.3624
3.6934 10.3312
3.6938 10.2992
3.6942 10.2672
3.6946 10.2352
3.6950 10.2024
3.6954 10.1704
3.6958 10.1384
3.6962 10.1056
3.6966 10.0728
3.6970 10.0408
3.6974 10.0080
3.6978 9.9752
3.6982 9.9424
3.6986 9.9096
3.6990 9.8760
3.6994 9.8432
3.6998 9.8096
3.7002 9.7768
3.7006 9.7432
3.7010 9.7096
3.7014 9.6760
3.7018 9.6424
3.7022 9.6088
3.7026 9.5752
3.7030 9.5416
3.7034 9.5072
3.7038 9.4736
3.7042 9.4392
3.7046 9.4048
3.7050 9.3712
3.7054 9.3368
3.7058 9.3024
3.7062 9.2680
3.7066 9.2336
3.7070 9.1984
3.7074 9.1640
3.7078 9.1296
3.7082 9.0944
3.7086 9.0600
3.7090 9.0248
3.7094 8.9896
3.7098 8.9544
3.7102 8.9192
3.7106 8.8840
3.7110 8.8488
3.7114 8.8136
3.7118 8.7784
3.7122 8.7432
3.7126 8.7072
3.7130 8.6720
3.7134 8.6368
3.7138 8.6008
3.7142 8.5648
3.7146 8.5296
3.7150 8.4936
3.7154 8.4576
3.7158 8.4216
3.7162 8.3856
3.7166 8.3496
3.7170 8.3136
3.7174 8.2776
3.7178 8.2416
3.7182 8.2056
3.7186 8.1688
3.7190 8.1328
3.7194 8.0968
3.7198 8.0600
3.7202 8.0240
3.7206 7.9872
3.7210 7.9512
3.7214 7.9144
3.7218 7.8784
3.7222 7.8416
3.7226 7.8048
3.7230 7.7688
3.7234 7.7320
3.7238 7.6952
3.7242 7.6584
3.7246 7.6216
3.7250 7.5848
3.7254 7.5480
3.7258 7.5120
3.7262 7.4752
3.7266 7.4384
3.7270 7.4016
3.7274 7.3648
3.7278 7.3280
3.7282 7.2904
3.7286 7.2536
3.7290 7.2168
3.7294 7.1800
3.7298 7.1432
3.7302 7.1064
3.7306 7.0696
3.7310 7.0328
3.7314 6.9960
3.7318 6.9592
3.7322 6.9224
3.7326 6.8848
3.7330 6.8480
3.7334 6.8112
3.7338 6.7744
3.7342 6.7376
3.7346 6.7008
3.7350 6.6640
3.7354 6.6272
3.7358 6.5904
3.7362 6.5536
3.7366 6.5168
3.7370 6.4800
3.7374 6.4432
3.7378 6.4064
3.7382 6.3696
3.7386 6.3336
3.7390 6.2968
3.7394 6.2600
3.7398 6.2232
3.7402 6.1872
3.7406 6.1504
3.7410 6.1136
3.7414 6.0776
3.7418 6.0408
3.7422 6.0048
3.7426 5.9680
3.7430 5.9320
3.7434 5.8960
3.7438 5.8600
3.7442 5.8232
3.7446 5.7872
3.7450 5.7512
3.7454 5.7152
3.7458 5.6792
3.7462 5.6432
3.7466 5.6072
3.7470 5.5720
3.7474 5.5360
3.7478 5.5000
3.7482 5.4648
3.7486 5.4288
3.7490 5.3936
3.7494 5.3584
3.7498 5.3224
3.7503 5.2872
3.7507 5.2520
3.7511 5.2168
3.7515 5.1816
3.7519 5.1472
3.7523 5.1120
3.7527 5.0768
3.7531 5.0424
3.7535 5.0072
3.7539 4.9728
3.7543 4.9384
3.7547 4.9040
3.7551 4.8696
3.7555 4.8352
3.7559 4.8008
3.7563 4.7664
3.7567 4.7328
3.7571 4.6984
3.7575 4.6648
3.7579 4.6312
3.7583 4.5968
3.7587 4.5632
3.7591 4.5296
3.7595 4.4968
3.7599 4.4632
3.7603 4.4304
3.7607 4.3968
3.7611 4.3640
3.7615 4.3312
3.7619 4.2984
3.7623 4.2656
3.7627 4.2328
3.7631 4.2000
3.7635 4.1680
3.7639 4.1360
3.7643 4.1032
3.7647 4.0712
3.7651 4.0392
3.7655 4.0080
3.7659 3.9760
3.7663 3.9440
3.7667 3.9128
3.7671 3.8816
3.7675 3.8504
3.7679 3.8192
3.7683 3.7880
3.7687 3.7576
3.7691 3.7264
3.7695 3.6960
3.7699 3.6656
3.7703 3.6352
3.7707 3.6048
3.7711 3.5744
3.7715 3.5448
3.7719 3.5144
3.7723 3.4848
3.7727 3.4552
3.7731 3.4256
3.7735 3.3968
3.7739 3.3672
3.7743 3.3384
3.7747 3.3096
3.7751 3.2808
3.7755 3.2520
3.7759 3.2232
3.7763 3.1952
3.7767 3.1664
3.7771 3.1384
3.7775 3.1104
3.7779 3.0832
3.7783 3.0552
3.7787 3.0280
3.7791 3.0000
3.7795 2.9728
3.7799 2.9456
3.7803 2.9192
3.7807 2.8920
3.7811 2.8656
3.7815 2.8392
3.7819 2.8128
3.7823 2.7864
3.7827 2.7600
3.7831 2.7344
3.7835 2.7088
3.7839 2.6832
3.7843 2.6576
3.7847 2.6320
3.7851 2.6072
3.7855 2.5824
3.7859 2.5576
3.7863 2.5328
3.7867 2.5080
3.7871 2.4832
3.7875 2.4592
3.7879 2.4352
3.7883 2.4112
3.7887 2.3872
3.7891 2.3640
3.7895 2.3408
3.7899 2.3168
3.7903 2.2936
3.7907 2.2712
3.7911 2.2480
3.7915 2.2256
3.7919 2.2032
3.7923 2.1808
3.7927 2.1584
3.7931 2.1360
3.7935 2.1144
3.7939 2.0928
3.7943 2.0712
3.7947 2.0496
3.7951 2.0288
3.7955 2.0072
3.7959 1.9864
3.7963 1.9656
3.7967 1.9448
3.7971 1.9248
3.7975 1.9040
3.7979 1.8840
3.7983 1.8640
3.7987 1.8440
3.7991 1.8248
3.7995 1.8048
3.7999 1.7856
3.8003 1.7664
3.8007 1.7472
3.8011 1.7288
3.8015 1.7096
3.8019 1.6912
3.8023 1.6728
3.8027 1.6544
3.8031 1.6368
3.8035 1.6184
3.8039 1.6008
3.8043 1.5832
3.8047 1.5656
3.8051 1.5488
3.8055 1.5312
3.8059 1.5144
3.8063 1.4976
3.8067 1.4808
3.8071 1.4648
3.8075 1.4480
3.8079 1.4320
3.8083 1.4160
3.8087 1.4000
3.8091 1.3848
3.8095 1.3688
3.8099 1.3536
3.8103 1.3384
3.8107 1.3232
3.8111 1.3080
3.8115 1.2936
3.8119 1.2792
3.8123 1.2648
3.8127 1.2504
3.8131 1.2360
3.8135 1.2224
3.8139 1.2080
3.8143 1.1944
3.8147 1.1808
3.8151 1.1680
3.8155 1.1544
3.8159 1.1416
3.8163 1.1288
3.8167 1.1160
3.8171 1.1032
3.8175 1.0904
3.8179 1.0784
3.8183 1.0664
3.8187 1.0544
3.8191 1.0424
3.8195 1.0304
3.8199 1.0192
3.8203 1.0072
3.8207 0.9960
3.8211 0.9848
3.8215 0.9744
3.8219 0.9632
3.8223 0.9528
3.8227 0.9424
3.8231 0.9320
3.8235 0.9216
3.8239 0.9112
3.8243 0.9016
3.8247 0.8912
3.8251 0.8816
3.8255 0.8720
3.8259 0.8632
3.8263 0.8536
3.8267 0.8448
3.8271 0.8360
3.8275 0.8272
3.8279 0.8184
3.8283 0.8096
3.8287 0.8016
3.8291 0.7928
3.8295 0.7848
3.8299 0.7768
3.8303 0.7696
3.8307 0.7616
3.8311 0.7544
3.8315 0.7464
3.8319 0.7392
3.8323 0.7320
3.8327 0.7256
3.8331 0.7184
3.8335 0.7120
3.8339 0.7056
3.8343 0.6992
3.8347 0.6928
3.8351 0.6864
3.8355 0.6808
3.8359 0.6744
3.8363 0.6688
3.8367 0.6632
3.8371 0.6576
3.8375 0.6528
3.8379 0.6472
3.8383 0.6424
3.8387 0.6376
3.8391 0.6328
3.8395 0.6280
3.8399 0.6232
3.8403 0.6192
3.8407 0.6144
3.8411 0.6104
3.8415 0.6064
3.8419 0.6024
3.8423 0.5992
3.8427 0.5952
3.8431 0.5920
3.8435 0.5888
3.8439 0.5856
3.8443 0.5824
3.8447 0.5792
3.8451 0.5768
3.8455 0.5736
3.8459 0.5712
3.8463 0.5688
3.8467 0.5664
3.8471 0.5648
3.8475 0.5624
3.8479 0.5608
3.8483 0.5592
3.8487 0.5576
3.8491 0.5560
3.8495 0.5544
3.8499 0.5536
3.8503 0.5520
3.8507 0.5512
3.8511 0.5504
3.8515 0.5496
3.8519 0.5496
3.8523 0.5488
3.8527 0.5488
3.8531 0.5480
3.8535 0.5480
3.8539 0.5488
3.8543 0.5488
3.8547 0.5488
3.8551 0.5496
3.8555 0.5504
3.8559 0.5512
3.8563 0.5520
3.8567 0.5528
3.8571 0.5536
3.8575 0.5552
3.8579 0.5568
3.8583 0.5584
3.8587 0.5600
3.8591 0.5616
3.8595 0.5632
3.8599 0.5656
3.8603 0.5680
3.8607 0.5704
3.8611 0.5728
3.8615 0.5752
3.8619 0.5776
3.8623 0.5808
3.8627 0.5840
3.8631 0.5872
3.8635 0.5904
3.8639 0.5936
3.8643 0.5968
3.8647 0.6008
3.8651 0.6048
3.8655 0.6088
3.8659 0.6128
3.8663 0.6168
3.8667 0.6208
3.8671 0.6256
3.8675 0.6304
3.8679 0.6352
3.8683 0.6400
3.8687 0.6448
3.8691 0.6504
3.8695 0.6552
3.8699 0.6608
3.8703 0.6664
3.8707 0.6720
3.8711 0.6776
3.8715 0.6840
3.8719 0.6904
3.8723 0.6960
3.8727 0.7032
3.8731 0.7096
3.8735 0.7160
3.8739 0.7232
3.8743 0.7296
3.8747 0.7368
3.8751 0.7440
3.8755 0.7520
3.8759 0.7592
3.8763 0.7672
3.8767 0.7752
3.8771 0.7832
3.8775 0.7912
3.8779 0.7992
3.8783 0.8080
3.8787 0.8160
3.8791 0.8248
3.8795 0.8336
3.8799 0.8432
3.8803 0.8520
3.8807 0.8616
3.8811 0.8712
3.8815 0.8808
3.8819 0.8904
3.8823 0.9000
3.8827 0.9104
3.8831 0.9208
3.8835 0.9312
3.8839 0.9416
3.8843 0.9520
3.8847 0.9632
3.8851 0.9744
3.8855 0.9856
3.8859 0.9968
3.8863 1.0080
3.8867 1.0200
3.8871 1.0320
3.8875 1.0432
3.8879 1.0560
3.8883 1.0680
3.8887 1.0800
3.8891 1.0928
3.8895 1.1056
3.8899 1.1184
3.8903 1.1320
3.8907 1.1448
3.8911 1.1584
3.8915 1.1720
3.8919 1.1856
3.8923 1.1992
3.8927 1.2136
3.8931 1.2280
3.8935 1.2424
3.8939 1.2568
3.8943 1.2712
3.8947 1.2864
3.8951 1.3016
3.8955 1.3168
3.8959 1.3320
3.8963 1.3472
3.8967 1.3632
3.8971 1.3792
3.8975 1.3952
3.8979 1.4112
3.8983 1.4280
3.8987 1.4448
3.8991 1.4608
3.8995 1.4784
3.8999 1.4952
3.9003 1.5128
3.9007 1.5296
3.9011 1.5472
3.9015 1.5656
3.9019 1.5832
3.9023 1.6016
3.9027 1.6200
3.9031 1.6384
3.9035 1.6568
3.9039 1.6760
3.9043 1.6952
3.9047 1.7144
3.9051 1.7336
3.9055 1.7528
3.9059 1.7728
3.9063 1.7928
3.9067 1.8128
3.9071 1.8328
3.9075 1.8536
3.9079 1.8744
3.9083 1.8952
3.9087 1.9160
3.9091 1.9376
3.9095 1.9584
3.9099 1.9800
3.9103 2.0016
3.9107 2.0240
3.9111 2.0456
3.9115 2.0680
3.9119 2.0904
3.9123 2.1136
3.9127 2.1360
3.9131 2.1592
3.9135 2.1824
3.9139 2.2056
3.9143 2.2296
3.9147 2.2536
3.9151 2.2776
3.9155 2.3016
3.9159 2.3256
3.9163 2.3504
3.9167 2.3752
3.9171 2.4000
3.9175 2.4248
3.9179 2.4504
3.9183 2.4752
3.9187 2.5016
3.9191 2.5272
3.9195 2.5528
3.9199 2.5792
3.9203 2.6056
3.9207 2.6320
3.9211 2.6592
3.9215 2.6856
3.9219 2.7128
3.9223 2.7400
3.9227 2.7680
3.9231 2.7952
3.9235 2.8232
3.9239 2.8512
3.9243 2.8800
3.9247 2.9080
3.9251 2.9368
3.9255 2.9656
3.9259 2.9944
3.9263 3.0240
3.9267 3.0536
3.9271 3.0824
3.9275 3.1128
3.9279 3.1424
3.9283 3.1728
3.9287 3.2032
3.9291 3.2336
3.9295 3.2640
3.9299 3.2952
3.9303 3.3256
3.9307 3.3568
3.9311 3.3888
3.9315 3.4200
3.9319 3.4520
3.9323 3.4840
3.9327 3.5160
3.9331 3.5480
3.9335 3.5808
3.9339 3.6136
3.9343 3.6464
3.9347 3.6792
3.9351 3.7128
3.9355 3.7464
3.9359 3.7800
3.9363 3.8136
3.9367 3.8472
3.9371 3.8816
3.9375 3.9160
3.9379 3.9504
3.9383 3.9848
3.9387 4.0200
3.9391 4.0552
3.9395 4.0904
3.9399 4.1256
3.9403 4.1608
3.9407 4.1968
3.9411 4.2328
3.9415 4.2688
3.9419 4.3048
3.9423 4.3416
3.9427 4.3776
3.9431 4.4144
3.9435 4.4520
3.9439 4.4888
3.9443 4.5264
3.9447 4.5632
3.9451 4.6008
3.9455 4.6392
3.9459 4.6768
3.9463 4.7152
3.9467 4.7528
3.9471 4.7912
3.9475 4.8304
3.9479 4.8688
3.9483 4.9080
3.9487 4.9472
3.9491 4.9864
3.9495 5.0256
3.9499 5.0648
3.9503 5.1048
3.9507 5.1448
3.9511 5.1848
3.9515 5.2248
3.9519 5.2656
3.9523 5.3056
3.9527 5.3464
3.9531 5.3872
3.9535 5.4280
3.9539 5.4696
3.9543 5.5104
3.9547 5.5520
3.9551 5.5936
3.9555 5.6352
3.9559 5.6768
3.9563 5.7192
3.9567 5.7616
3.9571 5.8032
3.9575 5.8456
3.9579 5.8888
3.9583 5.9312
3.9587 5.9744
3.9591 6.0168
3.9595 6.0600
3.9599 6.1032
3.9603 6.1472
3.9607 6.1904
3.9611 6.2344
3.9615 6.2776
3.9619 6.3216
3.9623 6.3664
3.9627 6.4104
3.9631 6.4544
3.9635 6.4992
3.9639 6.5440
3.9643 6.5888
3.9647 6.6336
3.9651 6.6784
3.9655 6.7232
3.9659 6.7688
3.9663 6.8136
3.9667 6.8592
3.9671 6.9048
3.9675 6.9512
3.9679 6.9968
3.9683 7.0424
3.9687 7.0888
3.9691 7.1352
3.9695 7.1816
3.9699 7.2280
3.9703 7.2744
3.9707 7.3208
3.9711 7.3680
3.9715 7.4144
3.9719 7.4616
3.9723 7.5088
3.9727 7.5560
3.9731 7.6032
3.9735 7.6504
3.9739 7.6984
3.9743 7.7456
3.9747 7.7936
3.9751 7.8408
3.9755 7.8888
3.9759 7.9368
3.9763 7.9856
3.9767 8.0336
3.9771 8.0816
3.9775 8.1304
3.9779 8.1784
3.9783 8.2272
3.9787 8.2760
3.9791 8.3248
3.9795 8.3736
3.9799 8.4224
3.9803 8.4720
3.9807 8.5208
3.9811 8.5704
3.9815 8.6192
3.9819 8.6688
3.9823 8.7184
3.9827 8.7680
3.9831 8.8176
3.9835 8.8672
3.9839 8.9168
3.9843 8.9672
3.9847 9.0168
3.9851 9.0672
3.9855 9.1168
3.9859 9.1672
3.9863 9.2176
3.9867 9.2680
3.9871 9.3184
3.9875 9.3688
3.9879 9.4192
3.9883 9.4704
3.9887 9.5208
3.9891 9.5712
3.9895 9.6224
3.9899 9.6736
3.9903 9.7240
3.9907 9.7752
3.9911 9.8264
3.9915 9.8776
3.9919 9.9288
3.9923 9.9800
3.9927 10.0312
3.9931 10.0824
3.9935 10.1344
3.9939 10.1856
3.9943 10.2376
3.9947 10.2888
3.9951 10.3408
3.9955 10.3920
3.9959 10.4440
3.9963 10.4960
3.9967 10.5480
3.9971 10.6000
3.9975 10.6520
3.9979 10.7040
3.9983 10.7560
3.9987 10.8080
3.9991 10.8600
3.9995 10.9120
3.9999 10.9648
4.0003 11.0168
4.0007 11.0688
4.0011 11.1216
4.0015 11.1736
4.0019 11.2264
4.0023 11.2792
4.0027 11.3312
4.0031 11.3840
4.0035 11.4368
4.0039 11.4888
4.0043 11.5416
4.0047 11.5944
4.0051 11.6472
4.0055 11.7000
4.0059 11.7528
4.0063 11.8056
4.0067 11.8584
4.0071 11.9112
4.0075 11.9640
4.0079 12.0168
4.0083 12.0696
4.0087 12.1224
4.0091 12.1760
4.0095 12.2288
4.0099 12.2816
4.0103 12.3344
4.0107 12.3880
4.0111 12.4408
4.0115 12.4936
4.0119 12.5464
4.0123 12.6000
4.0127 12.6528
4.0131 12.7056
4.0135 12.7592
4.0139 12.8120
4.0143 12.8656
4.0147 12.9184
4.0151 12.9712
4.0155 13.0248
4.0159 13.0776
4.0163 13.1312
4.0167 13.1840
4.0171 13.2368
4.0175 13.2904
4.0179 13.3432
4.0183 13.3968
4.0187 13.4496
4.0191 13.5024
4.0195 13.5560
4.0199 13.6088
4.0203 13.6616
4.0207 13.7152
4.0211 13.7680
4.0215 13.8208
4.0219 13.8736
4.0223 13.9272
4.0227 13.9800
4.0231 14.0328
4.0235 14.0856
4.0239 14.1384
4.0243 14.1912
4.0247 14.2440
4.0251 14.2968
4.0255 14.3496
4.0259 14.4024
4.0263 14.4552
4.0267 14.5080
4.0271 14.5600
4.0275 14.6128
4.0279 14.6656
4.0283 14.7184
4.0287 14.7704
4.0291 14.8232
4.0295 14.8752
4.0299 14.9272
4.0303 14.9800
4.0307 15.0320
4.0311 15.0840
4.0315 15.1360
4.0319 15.1880
4.0323 15.2400
4.0327 15.2920
4.0331 15.3440
4.0335 15.3960
4.0339 15.4480
4.0343 15.4992
4.0347 15.5512
4.0351 15.6024
4.0355 15.6536
4.0359 15.7056
4.0363 15.7568
4.0367 15.8080
4.0371 15.8592
4.0375 15.9104
4.0379 15.9608
4.0383 16.0120
4.0387 16.0624
4.0391 16.1136
4.0395 16.1640
4.0399 16.2144
4.0403 16.2648
4.0407 16.3152
4.0411 16.3656
4.0415 16.4160
4.0419 16.4656
4.0423 16.5152
4.0427 16.5656
4.0431 16.6152
4.0435 16.6648
4.0439 16.7144
4.0443 16.7632
4.0447 16.8128
4.0451 16.8616
4.0455 16.9104
4.0459 16.9592
4.0463 17.0080
4.0467 17.0568
4.0471 17.1048
4.0475 17.1536
4.0479 17.2016
4.0483 17.2496
4.0487 17.2976
4.0491 17.3448
4.0495 17.3928
4.0499 17.4400
4.0503 17.4872
4.0507 17.5344
4.0511 17.5816
4.0515 17.6280
4.0519 17.6744
4.0523 17.7208
4.0527 17.7672
4.0531 17.8136
4.0535 17.8592
4.0539 17.9048
4.0543 17.9504
4.0547 17.9960
4.0551 18.0416
4.0555 18.0864
4.0559 18.1312
4.0563 18.1760
4.0567 18.2200
4.0571 18.2640
4.0575 18.3080
4.0579 18.3520
4.0583 18.3960
4.0587 18.4392
4.0591 18.4824
4.0595 18.5256
4.0599 18.5680
4.0603 18.6104
4.0607 18.6528
4.0611 18.6952
4.0615 18.7368
4.0619 18.7784
4.0623 18.8200
4.0627 18.8608
4.0631 18.9016
4.0635 18.9424
4.0639 18.9832
4.0643 19.0232
4.0647 19.0632
4.0651 19.1032
4.0655 19.1424
4.0659 19.1816
4.0663 19.2200
4.0667 19.2592
4.0671 19.2976
4.0675 19.3352
4.0679 19.3736
4.0683 19.4112
4.0687 19.4480
4.0691 19.4848
4.0695 19.5216
4.0699 19.5584
4.0703 19.5944
4.0707 19.6304
4.0711 19.6656
4.0715 19.7016
4.0719 19.7360
4.0723 19.7712
4.0727 19.8056
4.0731 19.8392
4.0735 19.8736
4.0739 19.9072
4.0743 19.9400
4.0747 19.9728
4.0751 20.0056
4.0755 20.0376
4.0759 20.0696
4.0763 20.1016
4.0767 20.1328
4.0771 20.1632
4.0775 20.1944
4.0779 20.2248
4.0783 20.2544
4.0787 20.2840
4.0791 20.3136
4.0795 20.3424
4.0799 20.3712
4.0803 20.3992
4.0807 20.4272
4.0811 20.4552
4.0815 20.4824
4.0819 20.5096
4.0823 20.5360
4.0827 20.5624
4.0831 20.5880
4.0835 20.6136
4.0839 20.6392
4.0843 20.6640
4.0847 20.6888
4.0851 20.7128
4.0855 20.7360
4.0859 20.7600
4.0863 20.7832
4.0867 20.8056
4.0871 20.8280
4.0875 20.8504
4.0879 20.8720
4.0883 20.8928
4.0887 20.9136
4.0891 20.9344
4.0895 20.9544
4.0899 20.9744
4.0903 20.9936
4.0907 21.0128
4.0911 21.0320
4.0915 21.0504
4.0919 21.0680
4.0923 21.0856
4.0927 21.1032
4.0931 21.1200
4.0935 21.1368
4.0939 21.1528
4.0943 21.1688
4.0947 21.1840
4.0951 21.1992
4.0955 21.2136
4.0959 21.2280
4.0963 21.2424
4.0967 21.2560
4.0971 21.2688
4.0975 21.2816
4.0979 21.2944
4.0983 21.3064
4.0987 21.3184
4.0991 21.3296
4.0995 21.3408
4.0999 21.3520
4.1003 21.3624
4.1007 21.3720
4.1011 21.3816
4.1015 21.3912
4.1019 21.4000
4.1023 21.4088
4.1027 21.4176
4.1031 21.4256
4.1035 21.4328
4.1039 21.4400
4.1043 21.4472
4.1047 21.4536
4.1051 21.4600
4.1055 21.4664
4.1059 21.4720
4.1063 21.4768
4.1067 21.4816
4.1071 21.4864
4.1075 21.4912
4.1079 21.4952
4.1083 21.4984
4.1087 21.5024
4.1091 21.5056
4.1095 21.5080
4.1099 21.5104
4.1103 21.5128
4.1107 21.5152
4.1111 21.5168
4.1115 21.5176
4.1119 21.5192
4.1123 21.5200
4.1127 21.5200
4.1131 21.5208
4.1135 21.5208
4.1139 21.5200
4.1143 21.5200
4.1147 21.5192
4.1151 21.5184
4.1155 21.5168
4.1159 21.5152
4.1163 21.5136
4.1167 21.5120
4.1171 21.5096
4.1175 21.5072
4.1179 21.5048
4.1183 21.5016
4.1187 21.4992
4.1191 21.4960
4.1195 21.4928
4.1199 21.4888
4.1203 21.4848
4.1207 21.4816
4.1211 21.4768
4.1215 21.4728
4.1219 21.4688
4.1223 21.4640
4.1227 21.4592
4.1231 21.4544
4.1235 21.4496
4.1239 21.4440
4.1243 21.4392
4.1247 21.4336
4.1251 21.4288
4.1255 21.4232
4.1259 21.4176
4.1263 21.4120
4.1267 21.4056
4.1271 21.4000
4.1275 21.3944
4.1279 21.3880
4.1283 21.3824
4.1287 21.3760
4.1291 21.3696
4.1295 21.3640
4.1299 21.3576
4.1303 21.3512
4.1307 21.3456
4.1311 21.3392
4.1315 21.3328
4.1319 21.3264
4.1323 21.3208
4.1327 21.3144
4.1331 21.3088
4.1335 21.3024
4.1339 21.2968
4.1343 21.2904
4.1347 21.2848
4.1351 21.2792
4.1355 21.2736
4.1359 21.2680
4.1363 21.2624
4.1367 21.2576
4.1371 21.2520
4.1375 21.2472
4.1379 21.2424
4.1383 21.2376
4.1387 21.2328
4.1391 21.2280
4.1395 21.2240
4.1399 21.2200
4.1403 21.2160
4.1407 21.2120
4.1411 21.2088
4.1415 21.2056
4.1419 21.2024
4.1423 21.2000
4.1427 21.1968
4.1431 21.1952
4.1435 21.1928
4.1439 21.1912
4.1443 21.1896
4.1447 21.1888
4.1451 21.1872
4.1455 21.1872
4.1459 21.1864
4.1463 21.1872
4.1467 21.1872
4.1471 21.1880
4.1475 21.1888
4.1479 21.1904
4.1483 21.1928
4.1487 21.1944
4.1491 21.1976
4.1495 21.2008
4.1499 21.2040
4.1503 21.2080
4.1507 21.2120
4.1511 21.2168
4.1515 21.2224
4.1519 21.2280
4.1523 21.2336
4.1527 21.2408
4.1531 21.2472
4.1535 21.2552
4.1539 21.2632
4.1543 21.2720
4.1547 21.2808
4.1551 21.2904
4.1555 21.3008
4.1559 21.3112
4.1563 21.3232
4.1567 21.3344
4.1571 21.3472
4.1575 21.3600
4.1579 21.3736
4.1583 21.3880
4.1587 21.4032
4.1591 21.4184
4.1595 21.4344
4.1599 21.4512
4.1603 21.4688
4.1607 21.4872
4.1611 21.5056
4.1615 21.5248
4.1619 21.5448
4.1623 21.5656
4.1627 21.5872
4.1631 21.6096
4.1635 21.6328
4.1639 21.6560
4.1643 21.6808
4.1647 21.7056
4.1651 21.7312
4.1655 21.7576
4.1659 21.7856
4.1663 21.8136
4.1667 21.8424
4.1671 21.8720
4.1675 21.9024
4.1679 21.9336
4.1683 21.9664
4.1687 21.9992
4.1691 22.0328
4.1695 22.0672
4.1699 22.1032
4.1703 22.1392
4.1707 22.1760
4.1711 22.2144
4.1715 22.2528
4.1719 22.2928
4.1723 22.3336
4.1727 22.3752
4.1731 22.4176
4.1735 22.4608
4.1739 22.5048
4.1743 22.5496
4.1747 22.5960
4.1751 22.6432
4.1755 22.6904
4.1759 22.7392
4.1763 22.7896
4.1767 22.8400
4.1771 22.8912
4.1775 22.9440
4.1779 22.9976
4.1783 23.0520
4.1787 23.1080
4.1791 23.1640
4.1795 23.2216
4.1799 23.2800
4.1803 23.3392
4.1807 23.4000
4.1811 23.4616
4.1815 23.5240
4.1819 23.5872
4.1823 23.6512
4.1827 23.7168
4.1831 23.7832
4.1835 23.8504
4.1839 23.9192
4.1843 23.9888
4.1847 24.0592
4.1851 24.1304
4.1855 24.2032
4.1859 24.2768
4.1863 24.3512
4.1867 24.4272
4.1871 24.5040
4.1875 24.5816
4.1879 24.6600
4.1883 24.7400
4.1887 24.8208
4.1891 24.9024
4.1895 24.9856
4.1899 25.0696
4.1903 25.1544
4.1907 25.2408
4.1911 25.3280
4.1915 25.4160
4.1919 25.5056
4.1923 25.5960
4.1927 25.6872
4.1931 25.7792
4.1935 25.8728
4.1939 25.9672
4.1943 26.0632
4.1947 26.1592
4.1951 26.2568
4.1955 26.3560
4.1959 26.4552
4.1963 26.5560
4.1967 26.6576
4.1971 26.7608
4.1975 26.8648
4.1979 26.9696
4.1983 27.0752
4.1987 27.1824
4.1991 27.2896
4.1995 27.3992
4.1999 27.5088
4.2003 27.6200
4.2007 27.7320
4.2011 27.8448
4.2015 27.9592
4.2019 28.0736
4.2023 28.1896
4.2027 28.3064
4.2031 28.4248
4.2035 28.5440
4.2039 28.6632
4.2043 28.7840
4.2047 28.9064
4.2051 29.0288
4.2055 29.1528
4.2059 29.2776
4.2063 29.4032
4.2067 29.5296
4.2071 29.6568
4.2075 29.7856
4.2079 29.9152
4.2083 30.0448
4.2087 30.1760
4.2091 30.3080
4.2095 30.4416
4.2099 30.5752
4.2103 30.7096
4.2107 30.8456
4.2111 30.9816
4.2115 31.1192
4.2119 31.2568
4.2123 31.3960
4.2127 31.5360
4.2131 31.6768
4.2135 31.8176
4.2139 31.9600
4.2143 32.1032
4.2147 32.2472
4.2151 32.3912
4.2155 32.5368
4.2159 32.6832
4.2163 32.8296
4.2167 32.9776
4.2171 33.1256
4.2175 33.2744
4.2179 33.4240
4.2183 33.5744
4.2187 33.7256
4.2191 33.8776
4.2195 34.0296
4.2199 34.1832
4.2203 34.3368
4.2207 34.4912
4.2211 34.6456
4.2215 34.8016
4.2219 34.9576
4.2223 35.1144
4.2227 35.2720
4.2231 35.4296
4.2235 35.5880
4.2239 35.7472
4.2243 35.9064
4.2247 36.0664
4.2251 36.2272
4.2255 36.3880
4.2259 36.5496
4.2263 36.7112
4.2267 36.8736
4.2271 37.0360
4.2275 37.1992
4.2279 37.3632
4.2283 37.5272
4.2287 37.6912
4.2291 37.8560
4.2295 38.0216
4.2299 38.1872
4.2303 38.3528
4.2307 38.5184
4.2311 38.6848
4.2315 38.8520
4.2319 39.0184
4.2323 39.1856
4.2327 39.3536
4.2331 39.5208
4.2335 39.6888
4.2339 39.8568
4.2343 40.0256
4.2347 40.1936
4.2351 40.3624
4.2355 40.5312
4.2359 40.7000
4.2363 40.8688
4.2367 41.0384
4.2371 41.2072
4.2375 41.3760
4.2379 41.5456
4.2383 41.7152
4.2387 41.8840
4.2391 42.0536
4.2395 42.2232
4.2399 42.3920
4.2403 42.5616
4.2407 42.7304
4.2411 42.9000
4.2415 43.0688
4.2419 43.2376
4.2423 43.4064
4.2427 43.5752
4.2431 43.7440
4.2435 43.9128
4.2439 44.0808
4.2443 44.2488
4.2447 44.4168
4.2451 44.5840
4.2455 44.7512
4.2459 44.9184
4.2463 45.0856
4.2467 45.2520
4.2471 45.4184
4.2475 45.5840
4.2479 45.7496
4.2483 45.9152
4.2487 46.0800
4.2491 46.2448
4.2495 46.4088
4.2499 46.5720
4.2504 46.7360
4.2508 46.8984
4.2512 47.0608
4.2516 47.2232
4.2520 47.3848
4.2524 47.5456
4.2528 47.7056
4.2532 47.8656
4.2536 48.0248
4.2540 48.1840
4.2544 48.3424
4.2548 48.5000
4.2552 48.6568
4.2556 48.8136
4.2560 48.9696
4.2564 49.1248
4.2568 49.2792
4.2572 49.4328
4.2576 49.5864
4.2580 49.7384
4.2584 49.8904
4.2588 50.0416
4.2592 50.1920
4.2596 50.3416
4.2600 50.4896
4.2604 50.6376
4.2608 50.7848
4.2612 50.9312
4.2616 51.0768
4.2620 51.2216
4.2624 51.3656
4.2628 51.5088
4.2632 51.6512
4.2636 51.7920
4.2640 51.9328
4.2644 52.0720
4.2648 52.2104
4.2652 52.3480
4.2656 52.4848
4.2660 52.6200
4.2664 52.7552
4.2668 52.8888
4.2672 53.0216
4.2676 53.1536
4.2680 53.2840
4.2684 53.4136
4.2688 53.5424
4.2692 53.6696
4.2696 53.7968
4.2700 53.9216
4.2704 54.0464
4.2708 54.1696
4.2712 54.2920
4.2716 54.4128
4.2720 54.5328
4.2724 54.6512
4.2728 54.7688
4.2732 54.8856
4.2736 55.0008
4.2740 55.1152
4.2744 55.2280
4.2748 55.3400
4.2752 55.4504
4.2756 55.5600
4.2760 55.6680
4.2764 55.7752
4.2768 55.8808
4.2772 55.9856
4.2776 56.0888
4.2780 56.1912
4.2784 56.2920
4.2788 56.3912
4.2792 56.4896
4.2796 56.5864
4.2800 56.6824
4.2804 56.7768
4.2808 56.8696
4.2812 56.9616
4.2816 57.0520
4.2820 57.1416
4.2824 57.2288
4.2828 57.3160
4.2832 57.4008
4.2836 57.4848
4.2840 57.5672
4.2844 57.6488
4.2848 57.7280
4.2852 57.8072
4.2856 57.8840
4.2860 57.9600
4.2864 58.0344
4.2868 58.1072
4.2872 58.1792
4.2876 58.2496
4.2880 58.3184
4.2884 58.3856
4.2888 58.4520
4.2892 58.5168
4.2896 58.5800
4.2900 58.6424
4.2904 58.7032
4.2908 58.7624
4.2912 58.8200
4.2916 58.8768
4.2920 58.9320
4.2924 58.9856
4.2928 59.0376
4.2932 59.0888
4.2936 59.1384
4.2940 59.1864
4.2944 59.2328
4.2948 59.2784
4.2952 59.3224
4.2956 59.3648
4.2960 59.4064
4.2964 59.4464
4.2968 59.4848
4.2972 59.5216
4.2976 59.5568
4.2980 59.5912
4.2984 59.6240
4.2988 59.6560
4.2992 59.6864
4.2996 59.7152
4.3000 59.7424
4.3004 59.7680
4.3008 59.7928
4.3012 59.8160
4.3016 59.8384
4.3020 59.8592
4.3024 59.8784
4.3028 59.8960
4.3032 59.9128
4.3036 59.9280
4.3040 59.9416
4.3044 59.9544
4.3048 59.9656
4.3052 59.9760
4.3056 59.9848
4.3060 59.9920
4.3064 59.9976
4.3068 60.0024
4.3072 60.0064
4.3076 60.0080
4.3080 60.0096
4.3084 60.0088
4.3088 60.0072
4.3092 60.0040
4.3096 60.0000
4.3100 59.9952
4.3104 59.9880
4.3108 59.9808
4.3112 59.9712
4.3116 59.9608
4.3120 59.9496
4.3124 59.9368
4.3128 59.9232
4.3132 59.9080
4.3136 59.8920
4.3140 59.8744
4.3144 59.8560
4.3148 59.8360
4.3152 59.8152
4.3156 59.7936
4.3160 59.7704
4.3164 59.7456
4.3168 59.7208
4.3172 59.6944
4.3176 59.6664
4.3180 59.6376
4.3184 59.6080
4.3188 59.5776
4.3192 59.5456
4.3196 59.5128
4.3200 59.4792
4.3204 59.4440
4.3208 59.4080
4.3212 59.3712
4.3216 59.3336
4.3220 59.2944
4.3224 59.2544
4.3228 59.2136
4.3232 59.1720
4.3236 59.1288
4.3240 59.0848
4.3244 59.0408
4.3248 58.9952
4.3252 58.9488
4.3256 58.9008
4.3260 58.8528
4.3264 58.8040
4.3268 58.7536
4.3272 58.7032
4.3276 58.6512
4.3280 58.5984
4.3284 58.5456
4.3288 58.4912
4.3292 58.4360
4.3296 58.3808
4.3300 58.3240
4.3304 58.2672
4.3308 58.2088
4.3312 58.1504
4.3316 58.0904
4.3320 58.0304
4.3324 57.9696
4.3328 57.9080
4.3332 57.8456
4.3336 57.7824
4.3340 57.7184
4.3344 57.6544
4.3348 57.5896
4.3352 57.5240
4.3356 57.4576
4.3360 57.3904
4.3364 57.3232
4.3368 57.2552
4.3372 57.1864
4.3376 57.1168
4.3380 57.0472
4.3384 56.9768
4.3388 56.9064
4.3392 56.8344
4.3396 56.7632
4.3400 56.6904
4.3404 56.6176
4.3408 56.5440
4.3412 56.4704
4.3416 56.3960
4.3420 56.3208
4.3424 56.2456
4.3428 56.1704
4.3432 56.0936
4.3436 56.0176
4.3440 55.9408
4.3444 55.8632
4.3448 55.7856
4.3452 55.7072
4.3456 55.6288
4.3460 55.5504
4.3464 55.4712
4.3468 55.3920
4.3472 55.3120
4.3476 55.2320
4.3480 55.1512
4.3484 55.0704
4.3488 54.9896
4.3492 54.9080
4.3496 54.8272
4.3500 54.7448
4.3504 54.6632
4.3508 54.5808
4.3512 54.4984
4.3516 54.4152
4.3520 54.3328
4.3524 54.2496
4.3528 54.1664
4.3532 54.0824
4.3536 53.9992
4.3540 53.9152
4.3544 53.8312
4.3548 53.7464
4.3552 53.6624
4.3556 53.5776
4.3560 53.4936
4.3564 53.4088
4.3568 53.3240
4.3572 53.2392
4.3576 53.1536
4.3580 53.0688
4.3584 52.9832
4.3588 52.8984
4.3592 52.8128
4.3596 52.7272
4.3600 52.6416
4.3604 52.5568
4.3608 52.4712
4.3612 52.3856
4.3616 52.3000
4.3620 52.2136
4.3624 52.1280
4.3628 52.0424
4.3632 51.9568
4.3636 51.8712
4.3640 51.7856
4.3644 51.7000
4.3648 51.6144
4.3652 51.5288
4.3656 51.4432
4.3660 51.3576
4.3664 51.2720
4.3668 51.1872
4.3672 51.1016
4.3676 51.0160
4.3680 50.9312
4.3684 50.8456
4.3688 50.7608
4.3692 50.6760
4.3696 50.5904
4.3700 50.5056
4.3704 50.4208
4.3708 50.3368
4.3712 50.2520
4.3716 50.1672
4.3720 50.0832
4.3724 49.9992
4.3728 49.9152
4.3732 49.8312
4.3736 49.7472
4.3740 49.6632
4.3744 49.5800
4.3748 49.4960
4.3752 49.4128
4.3756 49.3296
4.3760 49.2464
4.3764 49.1640
4.3768 49.0808
4.3772 48.9984
4.3776 48.9160
4.3780 48.8336
4.3784 48.7520
4.3788 48.6696
4.3792 48.5880
4.3796 48.5064
4.3800 48.4248
4.3804 48.3440
4.3808 48.2624
4.3812 48.1816
4.3816 48.1008
4.3820 48.0208
4.3824 47.9400
4.3828 47.8600
4.3832 47.7800
4.3836 47.7000
4.3840 47.6208
4.3844 47.5416
4.3848 47.4624
4.3852 47.3832
4.3856 47.3040
4.3860 47.2256
4.3864 47.1472
4.3868 47.0688
4.3872 46.9912
4.3876 46.9136
4.3880 46.8360
4.3884 46.7584
4.3888 46.6808
4.3892 46.6040
4.3896 46.5272
4.3900 46.4504
4.3904 46.3744
4.3908 46.2984
4.3912 46.2224
4.3916 46.1464
4.3920 46.0712
4.3924 45.9960
4.3928 45.9208
4.3932 45.8456
4.3936 45.7712
4.3940 45.6968
4.3944 45.6224
4.3948 45.5480
4.3952 45.4744
4.3956 45.4008
4.3960 45.3272
4.3964 45.2536
4.3968 45.1808
4.3972 45.1080
4.3976 45.0352
4.3980 44.9632
4.3984 44.8912
4.3988 44.8192
4.3992 44.7472
4.3996 44.6752
4.4000 44.6040
4.4004 44.5328
4.4008 44.4624
4.4012 44.3912
4.4016 44.3208
4.4020 44.2504
4.4024 44.1808
4.4028 44.1104
4.4032 44.0408
4.4036 43.9712
4.4040 43.9024
4.4044 43.8328
4.4048 43.7640
4.4052 43.6952
4.4056 43.6272
4.4060 43.5584
4.4064 43.4904
4.4068 43.4224
4.4072 43.3552
4.4076 43.2872
4.4080 43.2200
4.4084 43.1528
4.4088 43.0864
4.4092 43.0192
4.4096 42.9528
4.4100 42.8864
4.4104 42.8208
4.4108 42.7544
4.4112 42.6888
4.4116 42.6232
4.4120 42.5584
4.4124 42.4928
4.4128 42.4280
4.4132 42.3632
4.4136 42.2984
4.4140 42.2344
4.4144 42.1704
4.4148 42.1064
4.4152 42.0424
4.4156 41.9792
4.4160 41.9152
4.4164 41.8520
4.4168 41.7888
4.4172 41.7264
4.4176 41.6632
4.4180 41.6008
4.4184 41.5384
4.4188 41.4768
4.4192 41.4144
4.4196 41.3528
4.4200 41.2912
4.4204 41.2296
4.4208 41.1688
4.4212 41.1080
4.4216 41.0464
4.4220 40.9864
4.4224 40.9256
4.4228 40.8656
4.4232 40.8056
4.4236 40.7456
4.4240 40.6856
4.4244 40.6256
4.4248 40.5664
4.4252 40.5072
4.4256 40.4480
4.4260 40.3896
4.4264 40.3304
4.4268 40.2720
4.4272 40.2136
4.4276 40.1560
4.4280 40.0976
4.4284 40.0400
4.4288 39.9824
4.4292 39.9248
4.4296 39.8680
4.4300 39.8104
4.4304 39.7536
4.4308 39.6976
4.4312 39.6408
4.4316 39.5840
4.4320 39.5280
4.4324 39.4720
4.4328 39.4168
4.4332 39.3608
4.4336 39.3056
4.4340 39.2504
4.4344 39.1952
4.4348 39.1400
4.4352 39.0856
4.4356 39.0312
4.4360 38.9768
4.4364 38.9224
4.4368 38.8688
4.4372 38.8144
4.4376 38.7608
4.4380 38.7072
4.4384 38.6544
4.4388 38.6016
4.4392 38.5480
4.4396 38.4960
4.4400 38.4432
4.4404 38.3912
4.4408 38.3384
4.4412 38.2864
4.4416 38.2352
4.4420 38.1832
4.4424 38.1320
4.4428 38.0808
4.4432 38.0296
4.4436 37.9792
4.4440 37.9280
4.4444 37.8776
4.4448 37.8272
4.4452 37.7776
4.4456 37.7272
4.4460 37.6776
4.4464 37.6280
4.4468 37.5792
4.4472 37.5296
4.4476 37.4808
4.4480 37.4320
4.4484 37.3832
4.4488 37.3352
4.4492 37.2872
4.4496 37.2392
4.4500 37.1912
4.4504 37.1432
4.4508 37.0960
4.4512 37.0488
4.4516 37.0016
4.4520 36.9544
4.4524 36.9080
4.4528 36.8616
4.4532 36.8152
4.4536 36.7688
4.4540 36.7232
4.4544 36.6776
4.4548 36.6320
4.4552 36.5864
4.4556 36.5416
4.4560 36.4968
4.4564 36.4520
4.4568 36.4072
4.4572 36.3624
4.4576 36.3184
4.4580 36.2744
4.4584 36.2304
4.4588 36.1872
4.4592 36.1432
4.4596 36.1000
4.4600 36.0568
4.4604 36.0144
4.4608 35.9712
4.4612 35.9288
4.4616 35.8864
4.4620 35.8448
4.4624 35.8024
4.4628 35.7608
4.4632 35.7192
4.4636 35.6776
4.4640 35.6360
4.4644 35.5952
4.4648 35.5544
4.4652 35.5136
4.4656 35.4728
4.4660 35.4328
4.4664 35.3928
4.4668 35.3528
4.4672 35.3128
4.4676 35.2728
4.4680 35.2336
4.4684 35.1944
4.4688 35.1552
4.4692 35.1160
4.4696 35.0768
4.4700 35.0384
4.4704 35.0000
4.4708 34.9616
4.4712 34.9232
4.4716 34.8856
4.4720 34.8472
4.4724 34.8096
4.4728 34.7720
4.4732 34.7344
4.4736 34.6976
4.4740 34.6600
4.4744 34.6232
4.4748 34.5864
4.4752 34.5496
4.4756 34.5128
4.4760 34.4768
4.4764 34.4408
4.4768 34.4040
4.4772 34.3680
4.4776 34.3320
4.4780 34.2968
4.4784 34.2608
4.4788 34.2256
4.4792 34.1896
4.4796 34.1544
4.4800 34.1192
4.4804 34.0848
4.4808 34.0496
4.4812 34.0144
4.4816 33.9800
4.4820 33.9456
4.4824 33.9104
4.4828 33.8760
4.4832 33.8416
4.4836 33.8080
4.4840 33.7736
4.4844 33.7392
4.4848 33.7056
4.4852 33.6712
4.4856 33.6376
4.4860 33.6040
4.4864 33.5704
4.4868 33.5368
4.4872 33.5032
4.4876 33.4696
4.4880 33.4360
4.4884 33.4024
4.4888 33.3696
4.4892 33.3360
4.4896 33.3032
4.4900 33.2696
4.4904 33.2368
4.4908 33.2032
4.4912 33.1704
4.4916 33.1376
4.4920 33.1040
4.4924 33.0712
4.4928 33.0384
4.4932 33.0056
4.4936 32.9720
4.4940 32.9392
4.4944 32.9064
4.4948 32.8736
4.4952 32.8408
4.4956 32.8072
4.4960 32.7744
4.4964 32.7416
4.4968 32.7088
4.4972 32.6752
4.4976 32.6424
4.4980 32.6096
4.4984 32.5760
4.4988 32.5432
4.4992 32.5104
4.4996 32.4768
4.5000 32.4432
