3.8063
3.8100
3.8129
3.8143
3.8149
3.8129
3.8059
3.8042
3.7968
3.7962
3.7831
3.7783
3.7688
3.7649
3.7586
3.7560
3.7536
3.7518
3.7517
3.7542
3.7527
3.7546
3.7536
3.7575
3.7553
3.7546
3.7554
3.7571
3.7544
3.7549
3.7555
3.7556
3.7531
3.7520
3.7498
3.7452
3.7447
3.7421
3.7414
3.7356
3.7399
3.7380
3.7395
3.7408
3.7426
3.7459
3.7472
3.7479
3.7460
3.7447
3.7415
3.7360
3.7374
3.7350
3.7326
3.7335
3.7316
3.7304
3.7299
3.7420
3.7471
3.7528
3.7545
3.7607
3.7576
3.7585
3.7511
3.7451
3.7418
3.7428
3.7478
3.7479
3.7480
3.7511
3.7510
3.7526
3.7538
3.7532
3.7562
3.7556
3.7559
3.7581
3.7585
3.7597
3.7625
3.7655
3.7747
3.7828
3.7881
3.7902
3.7892
3.7887
3.7867
3.7884
3.7850
3.7501
3.7463
3.7469
3.7507
3.7504
3.7501
3.7537
3.7542
3.7529
3.7522
3.7553
3.7549
3.7552
3.7548
3.7530
3.7507
3.7559
3.7552
3.7497
3.7497
3.7498
3.7496
3.7466
3.7467
3.7468
3.7458
3.7408
3.7368
3.7331
3.7274
3.7344
3.7364
3.7352
3.7362
3.7375
3.7381
3.7382
3.7358
3.7369
3.7376
3.7384
3.7342
3.7323
3.7307
3.7270
3.7227
3.7223
3.7242
3.7221
3.7042
3.7032
3.7569
3.7592
3.7597
3.7593
3.7580
3.7576
3.7537
3.7174
3.7193
3.7197
3.7208
3.7225
3.7219
3.7236
3.7196
3.7155
3.7100
3.7059
3.7071
3.7100
3.7152
3.7162
3.7175
3.7160
3.7195
3.7192
3.7228
3.7257
3.7307
3.7353
3.7407
3.7440
3.7490
3.7552
3.7625
3.7685
3.7739
3.7774
3.7797
3.7890
3.7901
3.7953
3.7991
3.8021
3.8020
3.8023
3.8026
3.8029
3.8002
3.7964
3.7917
3.7864
3.7833
3.7772
3.7686
3.7645
3.7633
3.7543
3.7527
3.7541
3.7530
3.7539
3.7555
3.7543
3.7546
3.7565
3.7571
3.7554
3.7587
3.7576
3.7609
3.7624
3.7630
3.7632
3.7654
3.7655
3.7649
3.7658
3.7649
3.7643
3.7643
3.7642
3.7637
3.7676
3.7667
3.7637
3.7602
3.7570
3.7524
3.7495
3.7461
3.7443
3.7431
3.7369
3.7367
3.7375
3.7380
3.7341
3.7370
3.7349
3.7301
3.7235
3.7158
3.7191
3.7228
3.7269
3.7519
3.7564
3.7600
3.7576
3.7584
3.7551
3.7514
3.7464
3.6978
3.7028
3.7002
3.7016
3.6992
3.7012
3.6989
3.6983
3.6988
3.7006
3.7022
3.7042
3.7107
3.7135
3.7168
3.7188
3.7192
3.7193
3.7204
3.7199
3.7184
3.7213
3.7224
3.7227
3.7271
3.7356
3.7449
3.7532
3.7537
3.7618
3.7614
3.7624
3.7615
3.7645
3.7636
3.7630
3.7600
3.7561
3.7545
3.7483
3.7926
3.7934
3.7928
3.7961
3.7991
3.8015
3.8048
3.8056
3.8084
3.8105
3.8115
3.8133
3.8088
3.7994
3.7965
3.7937
3.7916
3.7977
3.7911
3.7924
3.7856
3.7765
3.7613
3.7543
3.7512
3.7500
3.7449
3.7434
3.7428
3.7412
3.7426
3.7398
3.7383
3.7413
3.7351
3.7395
3.7351
3.7308
3.7274
3.7243
3.7214
3.7150
3.7163
3.7118
3.7119
3.7116
3.7137
3.7136
3.7147
3.7164
3.7184
3.7194
3.7212
3.7176
3.7201
3.7178
3.7144
3.7176
3.7174
3.7174
3.7172
3.7153
3.7145
3.7156
3.7127
3.7153
3.7172
3.7164
3.7166
3.7219
3.7227
3.7235
3.7278
3.7314
3.7280
3.7340
3.7449
3.7510
3.7476
3.7520
3.7545
3.7536
3.7484
3.7473
3.7471
3.7469
3.7377
3.7385
3.7420
3.7451
3.7482
3.7505
3.7558
3.7632
3.7732
3.7875
3.7901
3.7918
3.7919
3.7896
3.7883
3.7888
3.7882
3.7874
3.7871
3.7926
3.7953
3.8073
3.8117
3.8155
3.8180
3.8178
3.8211
3.8206
3.8201
3.8194
3.8176
3.8146
3.8111
3.8018
3.7989
3.7875
3.7828
3.7769
3.7698
3.7644
3.7614
3.7577
3.7568
3.7509
3.7524
3.7479
3.7456
3.7399
3.7295
3.7192
3.7092
3.7130
3.7087
3.7066
3.7043
3.7019
3.7027
3.7040
3.6981
3.7021
3.7006
3.7023
3.7016
3.7002
3.7030
3.7014
3.7001
3.6987
3.7035
3.7175
3.7249
3.7245
3.7296
3.7292
3.7280
3.7288
3.7283
3.7284
3.7212
3.7180
3.7161
3.7163
3.7157
3.7109
3.7113
3.7122
3.7141
3.7208
3.7246
3.7239
3.7162
3.7150
3.7105
3.7076
3.7018
3.7027
3.6996
3.6996
3.7022
3.7150
3.7254
3.7177
3.7189
3.7210
3.7231
3.7259
3.7252
3.7272
3.7289
3.7308
3.7346
3.7388
3.7427
3.7522
3.7555
3.7609
3.7654
3.7706
3.7734
3.7778
3.7798
3.7828
3.7877
3.7877
3.7910
3.7871
3.7867
3.7848
3.7881
3.7891
3.8075
3.8140
3.8146
3.8134
3.8136
3.8084
3.8072
3.8022
3.8002
3.7996
3.7984
3.7939
3.7925
3.7891
3.7630
3.7534
3.7522
3.7489
3.7468
3.7452
3.7409
3.7395
3.7378
3.7298
3.7234
3.7189
3.7203
3.7143
3.7266
3.7277
3.7288
3.7266
3.7253
3.7241
3.7229
3.7215
3.7148
3.6977
3.6989
3.6998
3.7010
3.7014
3.7026
3.7027
3.7143
3.7268
3.7302
3.7307
3.7302
3.7276
3.7265
3.7183
3.7218
3.7182
3.7209
3.7183
3.7263
3.7257
3.7195
3.6978
3.7006
3.6982
3.6986
3.7044
3.7049
3.7073
3.7049
3.7019
3.7030
3.7045
3.7004
3.7141
3.7157
3.7265
3.7293
3.7376
3.7442
3.7507
3.7514
3.7514
3.7527
3.7517
3.7514
3.7478
3.7454
3.7410
3.7402
3.7390
3.7373
3.7340
3.7333
3.7365
3.7406
3.7477
3.7447
3.7320
3.7317
3.7362
3.7429
3.7428
3.7473
3.7470
3.7550
3.7604
3.7785
3.7822
3.7800
3.7832
3.7833
3.7805
3.7821
3.7816
3.7800
3.7798
3.7803
3.7790
3.7795
3.7795
3.7781
3.7759
3.7728
3.7736
3.7752
3.7767
3.7788
3.7798
3.7745
3.7769
3.7719
3.7723
3.7681
3.7637
3.7618
3.7607
3.7571
3.7518
3.7479
3.7475
3.7467
3.7474
3.7484
3.7489
3.7531
3.7530
3.7528
3.7451
3.7334
3.7297
3.7228
3.7192
3.7121
3.7025
3.7425
3.7346
3.7318
3.7209
3.7182
3.7176
3.7140
3.7124
3.7131
3.7155
3.7137
3.7161
3.7205
3.7357
3.7531
3.7601
3.7625
3.7626
3.7667
3.7662
3.7602
3.7497
3.7502
3.7494
3.7489
3.7513
3.7530
3.7529
3.7593
3.7598
3.7535
3.7596
3.7590
3.7585
3.7579
3.7559
3.7574
3.7548
3.7561
3.7566
3.7548
3.7560
3.7528
3.7529
3.7575
3.7599
3.7630
3.7672
3.7775
3.7826
3.7831
3.7882
3.7887
3.7921
3.7878
3.7891
3.7833
3.7816
3.7781
3.7743
3.7695
3.7678
3.7646
3.7652
3.7580
3.7519
3.7504
3.7498
3.7506
3.7469
3.7461
3.7480
3.7491
3.7526
3.7503
3.7420
3.7371
3.7349
3.7370
3.7664
3.7633
3.7594
3.7401
3.7353
3.7313
3.7279
3.7250
3.7292
3.7363
3.7334
3.7325
3.7330
3.7337
3.7337
3.7297
3.7296
3.7299
3.7230
3.7220
3.7228
3.7214
3.7161
3.7132
3.7058
3.7463
3.7494
3.7496
3.7478
3.7450
3.7406
3.7366
3.7302
3.7312
3.7328
3.7286
3.7307
3.7321
3.7363
3.7385
3.7409
3.7443
3.7462
3.7488
3.7204
3.7236
3.7262
3.7278
3.7299
3.7353
3.7427
3.7436
3.7459
3.7449
3.7470
3.7460
3.7470
3.7467
3.7480
3.7497
3.7513
3.7443
3.7453
3.7454
3.7459
3.7409
3.7404
3.7439
3.7779
3.7385
3.7360
3.7390
3.7468
3.7541
3.7539
3.7553
3.7560
3.7485
3.7494
3.7536
3.7554
3.7604
3.7597
3.7606
3.7582
3.7552
3.7544
3.7541
3.7537
3.7527
3.7539
3.7540
3.7536
3.7575
3.7600
3.7609
3.7648
3.7610
3.7679
3.7710
3.7695
3.7773
3.7771
3.7785
3.7778
3.7731
3.7711
3.7646
3.7540
3.7378
3.7331
3.7277
3.7265
3.7258
3.7227
3.7235
3.7237
3.7269
3.7278
3.7237
3.7201
3.7149
3.7135
3.7167
3.7156
3.7167
3.7203
3.7275
3.7331
3.7359
3.7324
3.7262
3.7283
3.7204
3.7186
3.7128
3.7126
3.7088
3.7078
3.7064
3.7061
3.7047
3.7056
3.7030
3.7050
3.7069
3.7053
3.7081
3.6979
3.7006
3.7022
3.7054
3.7055
3.7073
3.7100
3.7146
3.7178
3.7213
3.7230
3.7249
3.7239
3.7292
3.7287
3.7333
3.7390
3.7393
3.7491
3.7502
3.7515
3.7522
3.7516
3.7520
3.7545
3.7498
3.7495
3.7471
3.7421
3.7399
3.7373
3.7338
3.7311
3.7300
3.7315
3.7394
3.7407
3.7451
3.7464
3.7449
3.7925
3.7923
3.7873
3.7839
3.7827
3.7800
3.7774
3.7784
3.7786
3.7830
3.7677
3.7503
3.7530
3.7520
3.7507
3.7461
3.7382
3.7343
3.7282
3.7234
3.7203
3.7183
3.7201
3.7201
3.7195
3.7193
3.7171
3.7159
3.7170
3.7151
3.7185
3.7154
3.7223
3.7231
3.7278
3.7251
3.7292
3.7281
3.7241
3.7212
3.7152
3.7127
3.7086
3.7069
3.7041
3.7057
3.7015
3.7003
3.7001
3.7007
3.7003
3.7003
3.7067
3.7075
3.7095
3.7123
3.7111
3.7130
3.7044
3.7118
3.6983
3.7023
3.7020
3.7057
3.7104
