3.4719
3.4682
3.4598
3.4511
3.4414
3.4314
3.4211
3.4122
3.4038
3.3972
3.3909
3.3866
3.3839
3.3827
3.3831
3.3849
3.3869
3.3861
3.3865
3.3898
3.3907
3.3942
3.3982
3.4025
3.4070
3.4115
3.4155
3.4179
3.4159
3.4123
3.4086
3.4051
3.4023
3.4002
3.3992
3.3990
3.4002
3.4026
3.4065
3.4114
3.4171
3.4188
3.4188
3.4185
3.4179
3.4171
3.4161
3.4151
3.4144
3.4136
3.4125
3.4124
3.4120
3.4120
3.4122
3.4128
3.4135
3.4146
3.4160
3.4175
3.4190
3.4203
3.4214
3.4223
3.4232
3.4241
3.4249
3.4258
3.4265
3.4272
3.4278
3.4282
3.4284
3.4283
3.4276
3.4231
3.4141
3.4059
3.3987
3.3925
3.3875
3.3838
3.3814
3.3803
3.3804
3.3818
3.3844
3.3882
3.3929
3.3985
3.4050
3.4120
3.4195
3.4264
3.4310
3.4322
3.4321
3.4317
3.4313
3.4313
3.4312
3.4313
3.4314
3.4316
3.4317
3.4318
3.4319
3.4317
3.4314
3.4311
3.4309
3.4312
3.4319
3.4331
3.4349
3.4376
3.4412
3.4452
3.4480
3.4432
3.4377
3.4324
3.4275
3.4228
3.4184
3.4144
3.4106
3.4072
3.4043
3.4022
3.4009
3.3999
3.3995
3.3996
3.3961
3.3854
3.3748
3.3647
3.3550
3.3461
3.3379
3.3304
3.3237
3.3179
3.3129
3.3088
3.3056
3.3034
3.3022
3.3022
3.3033
3.3056
3.3093
3.3141
3.3202
3.3275
3.3355
3.3389
3.3366
3.3352
3.3350
3.3360
3.3383
3.3419
3.3466
3.3523
3.3590
3.3665
3.3746
3.3830
3.3916
3.4003
3.4086
3.4169
3.4242
3.4316
3.4380
3.4429
3.4459
3.4467
3.4469
3.4469
3.4470
3.4469
3.4473
3.4479
3.4474
3.4448
3.4407
3.4366
3.4325
3.4287
3.4255
3.4231
3.4216
3.4210
3.4212
3.4226
3.4250
3.4286
3.4332
3.4387
3.4450
3.4517
3.4588
3.4655
3.4707
3.4685
3.4629
3.4570
3.4512
3.4454
3.4400
3.4350
3.4305
3.4266
3.4233
3.4208
3.4190
3.4180
3.4175
3.4179
3.4188
3.4202
3.4222
3.4244
3.4266
3.4286
3.4293
3.4273
3.4227
3.4171
3.4115
3.4061
3.4013
3.3973
3.3942
3.3921
3.3911
3.3910
3.3922
3.3947
3.3982
3.4024
3.4074
3.4126
3.4177
3.4224
3.4264
3.4291
3.4300
3.4291
3.4265
3.4229
3.4185
3.4134
3.4080
3.4024
3.3969
3.3916
3.3868
3.3823
3.3783
3.3748
3.3717
3.3689
3.3665
3.3647
3.3636
3.3633
3.3639
3.3654
3.3676
3.3705
3.3742
3.3784
3.3832
3.3884
3.3940
3.3987
3.3973
3.3935
3.3901
3.3876
3.3859
3.3852
3.3855
3.3869
3.3893
3.3927
3.3970
3.4019
3.4052
3.4090
3.4133
3.4153
3.4115
3.4065
3.4014
3.3965
3.3919
3.3878
3.3844
3.3816
3.3797
3.3785
3.3784
3.3794
3.3810
3.3840
3.3880
3.3931
3.3991
3.4062
3.4143
3.4234
3.4331
3.4435
3.4471
3.4440
3.4413
3.4389
3.4368
3.4351
3.4334
3.4317
3.4301
3.4283
3.4262
3.4240
3.4210
3.4149
3.4067
3.3982
3.3903
3.3831
3.3769
3.3717
3.3677
3.3647
3.3628
3.3621
3.3623
3.3632
3.3646
3.3661
3.3678
3.3701
3.3726
3.3746
3.3729
3.3668
3.3591
3.3514
3.3451
3.3364
3.3296
3.3235
3.3181
3.3136
3.3101
3.3077
3.3067
3.3071
3.3088
3.3119
3.3166
3.3229
3.3305
3.3393
3.3491
3.3594
3.3695
3.3784
3.3847
3.3880
3.3894
3.3898
3.3898
3.3897
3.3898
3.3901
3.3909
3.3923
3.3945
3.3978
3.4022
3.4076
3.4142
3.4215
3.4288
3.4350
3.4391
3.4427
3.4461
3.4498
3.4539
3.4583
3.4631
3.4682
3.4734
3.4745
3.4723
3.4703
3.4684
3.4660
3.4620
3.4555
3.4471
3.4380
3.4285
3.4189
3.4094
3.4001
3.3909
3.3822
3.3739
3.3663
3.3595
3.3535
3.3485
3.3445
3.3419
3.3405
3.3406
3.3421
3.3450
3.3494
3.3550
3.3618
3.3695
3.3780
3.3868
3.3954
3.4028
3.4063
3.4061
3.4045
3.4025
3.4004
3.3985
3.3968
3.3951
3.3934
3.3919
3.3897
3.3859
3.3806
3.3744
3.3686
3.3636
3.3597
3.3570
3.3556
3.3554
3.3565
3.3586
3.3618
3.3659
3.3707
3.3763
3.3822
3.3865
3.3841
3.3798
3.3758
3.3726
3.3703
3.3690
3.3686
3.3691
3.3704
3.3724
3.3751
3.3782
3.3816
3.3851
3.3881
3.3898
3.3910
3.3908
3.3816
3.3721
3.3630
3.3544
3.3467
3.3400
3.3345
3.3302
3.3274
3.3262
3.3266
3.3287
3.3322
3.3373
3.3438
3.3518
3.3611
3.3715
3.3831
3.3955
3.4083
3.4202
3.4287
3.4339
3.4381
3.4424
3.4470
3.4512
3.4551
3.4583
3.4603
3.4611
3.4607
3.4596
3.4582
3.4564
3.4546
3.4529
3.4514
3.4503
3.4494
3.4486
3.4472
3.4453
3.4426
3.4400
3.4376
3.4358
3.4346
3.4339
3.4337
3.4339
3.4343
3.4349
3.4351
3.4323
3.4201
3.4042
3.3878
3.3719
3.3568
3.3429
3.3307
3.3202
3.3117
3.3053
3.3012
3.2994
3.2998
3.3024
3.3068
3.3131
3.3211
3.3306
3.3411
3.3524
3.3644
3.3764
3.3880
3.3855
3.3767
3.3677
3.3587
3.3498
3.3413
3.3334
3.3264
3.3202
3.3155
3.3123
3.3107
3.3108
3.3126
3.3162
3.3213
3.3281
3.3368
3.3462
3.3566
3.3644
3.3657
3.3671
3.3688
3.3707
3.3727
3.3748
3.3769
3.3789
3.3808
3.3829
3.3851
3.3876
3.3903
3.3858
3.3718
3.3581
3.3455
3.3341
3.3244
3.3163
3.3100
3.3055
3.3028
3.3020
3.3032
3.3063
3.3114
3.3183
3.3270
3.3374
3.3493
3.3624
3.3763
3.3901
3.3986
3.3934
3.3860
3.3785
3.3712
3.3643
3.3581
3.3526
3.3482
3.3453
3.3440
3.3445
3.3469
3.3517
3.3586
3.3677
3.3788
3.3912
3.4049
3.4187
3.4281
3.4288
3.4275
3.4255
3.4228
3.4194
3.4154
3.4108
3.4057
3.4006
3.3954
3.3884
3.3770
3.3657
3.3560
3.3484
3.3433
3.3407
3.3407
3.3434
3.3482
3.3552
3.3640
3.3741
3.3848
3.3959
3.4069
3.4174
3.4262
3.4218
3.4064
3.3896
3.3726
3.3560
3.3404
3.3261
3.3137
3.3035
3.2958
3.2907
3.2883
3.2892
3.2931
3.3003
3.3094
3.3213
3.3353
3.3511
3.3683
3.3865
3.4052
3.4238
3.4411
3.4441
3.4393
3.4339
3.4277
3.4212
3.4145
3.4080
3.4018
3.3962
3.3916
3.3882
3.3862
3.3856
3.3864
3.3889
3.3929
3.3978
3.4036
3.4098
3.4162
3.4223
3.4282
3.4336
3.4385
3.4423
3.4443
3.4440
3.4375
3.4259
3.4109
3.3943
3.3775
3.3608
3.3448
3.3299
3.3169
3.3058
3.2970
3.2907
3.2871
3.2863
3.2883
3.2929
3.3003
3.3101
3.3220
3.3366
3.3512
3.3676
3.3848
3.4024
3.4198
3.4359
3.4371
3.4227
3.4070
3.3906
3.3741
3.3577
3.3419
3.3271
3.3137
3.3024
3.2931
3.2864
3.2827
3.2814
3.2830
3.2875
3.2948
3.3043
3.3162
3.3299
3.3447
3.3599
3.3751
3.3876
3.3918
3.3912
3.3894
3.3867
3.3824
3.3762
3.3677
3.3575
3.3450
3.3315
3.3177
3.3049
3.2938
3.2846
3.2775
3.2730
3.2710
3.2715
3.2744
3.2795
3.2866
3.2954
3.3059
3.3176
3.3302
3.3433
3.3568
3.3703
3.3834
3.3960
3.4044
3.3948
3.3807
3.3662
3.3520
3.3385
3.3262
3.3152
3.3057
3.2978
3.2920
3.2881
3.2865
3.2871
3.2901
3.2953
3.3028
3.3124
3.3242
3.3378
3.3529
3.3692
3.3863
3.4035
3.4196
3.4346
3.4422
3.4462
3.4466
3.4442
3.4401
3.4348
3.4288
3.4196
3.4070
3.3945
3.3829
3.3727
3.3644
3.3583
3.3544
3.3529
3.3539
3.3574
3.3633
3.3713
3.3809
3.3919
3.4036
3.4153
3.4265
3.4365
3.4443
3.4490
3.4508
3.4444
3.4291
3.4125
3.3959
3.3799
3.3649
3.3514
3.3399
3.3308
3.3242
3.3202
3.3187
3.3201
3.3242
3.3307
3.3395
3.3502
3.3625
3.3761
3.3906
3.4055
3.4202
3.4345
3.4297
3.4181
3.4057
3.3927
3.3796
3.3667
3.3545
3.3432
3.3332
3.3252
3.3191
3.3153
3.3141
3.3157
3.3200
3.3268
3.3360
3.3473
3.3603
3.3742
3.3847
3.3922
3.3993
3.4057
3.4111
3.4153
3.4181
3.4188
3.4118
3.3985
3.3841
3.3696
3.3556
3.3429
3.3315
3.3222
3.3144
3.3093
3.3067
3.3066
3.3088
3.3134
3.3203
3.3292
3.3400
3.3525
3.3663
3.3810
3.3962
3.4112
3.4156
3.4044
3.3925
3.3805
3.3686
3.3573
3.3466
3.3371
3.3288
3.3220
3.3169
3.3137
3.3126
3.3136
3.3167
3.3220
3.3294
3.3389
3.3502
3.3631
3.3774
3.3927
3.4087
3.4244
3.4287
3.4270
3.4244
3.4210
3.4169
3.4117
3.4054
3.3975
3.3876
3.3758
3.3632
3.3511
3.3400
3.3307
3.3235
3.3185
3.3156
3.3151
3.3166
3.3202
3.3255
3.3323
3.3402
3.3491
3.3584
3.3680
3.3776
3.3866
3.3938
3.3877
3.3673
3.3455
3.3234
3.3018
3.2812
3.2620
3.2446
3.2292
3.2163
3.2061
3.1985
3.1940
3.1925
3.1941
3.1989
3.2068
3.2176
3.2313
3.2476
3.2663
3.2871
3.3095
3.3333
