2.459
2.464
2.468
2.472
2.476
2.479
2.482
2.485
2.487
2.489
2.491
2.492
2.492
2.492
2.492
2.491
2.490
2.488
2.486
2.483
2.480
2.476
2.472
2.468
2.463
2.458
2.453
2.448
2.442
2.436
2.430
2.424
2.418
2.412
2.406
2.400
2.394
2.387
2.381
2.375
2.370
2.364
2.358
2.353
2.348
2.343
2.339
2.335
2.331
2.328
2.325
2.322
2.320
2.319
2.318
2.317
2.317
2.318
2.319
2.320
2.322
2.325
2.328
2.331
2.335
2.340
2.344
2.350
2.355
2.361
2.367
2.373
2.379
2.385
2.392
2.398
2.404
2.411
2.417
2.423
2.429
2.435
2.440
2.446
2.451
2.456
2.460
2.465
2.469
2.473
2.476
2.479
2.482
2.485
2.487
2.490
2.491
2.493
2.494
2.494
2.495
2.495
2.494
2.493
2.492
2.490
2.488
2.486
2.483
2.479
2.476
2.472
2.467
2.462
2.457
2.451
2.446
2.440
2.434
2.427
