3.4963
3.4862
3.4776
3.4653
3.4568
3.4085
3.4414
3.4369
3.4363
3.4343
3.4377
3.4421
3.4481
3.4557
3.4687
3.4720
3.4803
3.4874
3.4935
3.4969
3.4972
3.4938
3.4871
3.4791
3.4716
3.4659
3.4617
3.4592
3.4598
3.4609
3.4608
3.4587
3.4536
3.4453
3.4350
3.4228
3.4104
3.3983
3.3867
3.3748
3.3627
3.3529
3.3435
3.3355
3.3287
3.3247
3.3228
3.3229
3.3260
3.3352
3.3386
3.3473
3.3565
3.3628
3.3732
3.3812
3.3894
3.3986
3.4084
3.4183
3.4273
3.4369
3.4464
3.4560
3.4651
3.4743
3.4828
3.4912
3.4974
3.5028
3.5091
3.5130
3.5174
3.5215
3.5255
3.5291
3.5325
3.5330
3.5396
3.5409
3.5439
3.5463
3.5487
3.5517
3.5557
3.5608
3.5676
3.5759
3.5860
3.5985
3.6090
3.6178
3.6218
3.6227
3.6220
3.6200
3.6166
3.6122
3.6064
3.6000
3.5918
3.5826
3.5732
3.5640
3.5550
3.5467
3.5394
3.5335
3.5286
3.5193
3.5064
3.4939
3.4837
3.4747
3.4668
3.4595
3.4527
3.4451
3.4379
3.4299
3.4215
3.4124
3.4032
3.3926
3.3825
3.3719
3.3618
3.3535
3.3465
3.3414
3.3395
3.3392
3.3426
3.3491
3.3580
3.3695
3.3837
3.4002
3.4172
3.4353
3.4541
3.4718
3.4891
3.5044
3.4993
3.4896
3.4805
3.4728
3.4671
3.4625
3.4592
3.4584
3.4564
3.4618
3.4664
3.4730
3.4820
3.4908
3.5005
3.5101
3.5175
3.5203
3.5148
3.5051
3.4936
3.4810
3.4655
3.4551
3.4429
3.4317
3.4228
3.4162
3.4118
3.4105
3.4116
3.4108
3.4001
3.3918
3.3851
3.3799
3.4098
3.3768
3.3786
3.3826
3.3889
3.3973
3.4076
3.4192
3.4322
3.4428
3.4393
3.4361
3.4279
3.4228
3.4142
3.4103
3.4083
3.4077
3.4098
3.4137
3.3978
3.4251
3.4322
3.4402
3.4486
3.4576
3.4673
3.4777
3.4886
3.5001
3.5117
3.5236
3.5345
3.5451
3.5550
3.5631
3.5683
3.5713
3.5701
3.5655
3.5588
3.5482
3.5371
3.5256
3.5140
3.5024
3.4887
3.4679
3.4450
3.4243
3.4070
3.3924
3.3845
3.3798
3.3797
3.3828
3.3897
3.3988
3.4084
3.4187
3.4278
3.4352
3.4399
3.4423
3.4403
3.4323
3.4177
3.3992
3.3783
3.3593
3.3421
3.3275
3.3165
3.3090
3.3054
3.3053
3.3085
3.3136
3.3210
3.3316
3.3451
3.3606
3.3773
3.3955
3.4148
3.4341
3.4513
3.4651
3.4720
3.4708
3.4631
3.4514
3.4375
3.4232
3.4107
3.3998
3.3943
3.3927
3.3952
3.4023
3.4131
3.4238
3.4267
3.4273
3.4289
3.4318
3.4360
3.4419
3.4491
3.4579
3.4684
3.4805
3.4940
3.5086
3.5239
3.5387
3.5481
3.5426
3.5284
3.5126
3.4970
3.4830
3.4701
3.4586
3.4483
3.4392
3.4315
3.4250
3.4197
3.4153
3.4117
3.4084
3.4074
3.4061
3.4048
3.4044
3.4049
3.4059
3.4080
3.4111
3.4156
3.4213
3.4258
3.4183
3.4041
3.3897
3.3769
3.3661
3.3576
3.3501
3.3447
3.3418
3.3412
3.3430
3.3471
3.3544
3.3644
3.3774
3.3927
3.4103
3.4299
3.4508
3.4719
3.4915
3.5074
3.5163
3.5164
3.5099
3.4991
3.4862
3.4736
3.4622
3.4530
3.4461
3.4413
3.4376
3.4385
3.4396
3.4423
3.4459
3.4509
3.4571
3.4646
3.4729
3.4793
3.4810
3.4865
3.4898
3.4921
3.4918
3.4858
3.4749
3.4612
3.4459
3.4295
3.4111
3.3948
3.3773
3.3609
3.3463
3.3341
3.3250
3.3188
3.3166
3.3178
3.2886
3.3291
3.3387
3.3505
3.3637
3.3780
3.3932
3.4091
3.4256
3.4419
3.4549
3.4493
3.4396
3.4291
3.4186
3.4089
3.4006
3.3944
3.3904
3.3890
3.3908
3.3954
3.4025
3.4113
3.4213
3.4321
3.4434
3.4540
3.4643
3.4729
3.4792
3.4832
3.4847
3.4840
3.4812
3.4769
3.4721
3.4672
3.4626
3.4588
3.4559
3.4539
3.4522
3.4496
3.4457
3.4417
3.4383
3.4366
3.4364
3.4375
3.4397
3.4424
3.4453
3.4478
3.4497
3.4505
3.4502
3.4485
3.4439
3.4344
3.4218
3.4091
3.3970
3.3861
3.3764
3.3676
3.3597
3.3528
3.3469
3.3420
3.3383
3.3360
3.3357
3.3378
3.3425
3.3505
3.3619
3.3762
3.3940
3.4121
3.4282
3.4436
3.4600
3.4770
3.4939
3.5096
3.5226
3.5318
3.5386
3.5434
3.5466
3.5486
3.5497
3.5500
3.5498
3.5490
3.5478
3.5455
3.5413
3.5347
3.5252
3.5152
3.5060
3.4975
3.4890
3.4809
3.4740
3.4674
3.4610
3.4560
3.4511
3.4472
3.4438
3.4409
3.4380
3.4354
3.4329
3.4308
3.4290
3.4278
3.4275
3.4262
3.4215
3.4138
3.4046
3.3960
3.3888
3.3833
3.3792
3.3768
3.3762
3.3772
3.3797
3.3828
3.3883
3.3934
3.3945
3.3916
3.3888
3.3878
3.3876
3.3893
3.3929
3.3985
3.4069
3.4157
3.4254
3.4361
3.4473
3.4586
3.4695
3.4794
3.4883
3.4960
3.5015
3.4992
3.4922
3.4852
3.4793
3.4757
3.4745
3.4760
3.4804
3.4878
3.4975
3.5093
3.5218
3.5317
3.5303
3.5277
3.5239
3.5193
3.5145
3.5093
3.5040
3.4993
3.4952
3.4922
3.4906
3.4904
3.4918
3.4949
3.4987
3.5019
3.4990
3.4935
3.4889
3.4861
3.4847
3.4845
3.4858
3.4883
3.4902
3.4920
3.4934
3.4942
3.4946
3.4946
3.4947
3.4951
3.4953
3.4961
3.4941
3.4787
3.4548
3.4311
3.4094
3.3904
3.3745
3.3631
3.3555
3.3526
3.3535
3.3582
3.3667
3.3784
3.3926
3.4089
3.4265
3.4441
3.4577
3.4683
3.4766
3.4837
3.4908
3.4976
3.5039
3.5095
3.5142
3.5167
3.5203
3.5159
3.5102
3.4969
3.4837
3.4692
3.4539
3.4397
3.4275
3.4165
3.4086
3.4020
3.3996
3.3993
3.4001
3.4065
3.4138
3.4227
3.4346
3.4468
3.4587
3.4717
3.4800
3.4828
3.4801
3.4725
3.4583
3.4406
3.4215
3.3965
3.3883
3.3725
3.3612
3.3529
3.3475
3.3448
3.3457
3.3486
3.3552
3.3666
3.3702
3.3867
3.4000
3.4136
3.4269
3.4414
3.4553
3.4676
3.4797
3.4871
3.5017
3.5111
3.5162
3.5163
3.5170
3.5131
3.5103
3.5135
3.5156
3.5417
3.5168
3.5254
3.5289
3.5309
3.5289
3.5252
3.5150
3.5030
3.4907
3.4801
3.4712
3.4680
3.4672
3.4704
3.4714
3.4874
3.5092
3.5123
3.5257
3.5386
3.5501
3.5583
3.5636
3.5637
3.5589
3.5454
3.5282
3.5041
3.4799
3.4555
3.4325
3.4118
3.3944
3.3811
3.3719
3.3663
3.3655
3.3689
3.3755
3.3852
3.3971
3.4105
3.4242
3.4377
3.4523
3.4599
3.4486
3.4322
3.4120
3.3909
3.3701
3.3503
3.3313
3.3190
3.3314
3.3018
3.2938
3.3007
3.3061
3.3148
3.3266
3.3409
3.3576
3.3734
3.3900
3.4067
3.4178
3.4357
3.4422
3.4391
3.4353
3.4287
3.4270
3.4285
3.4333
3.4410
3.4554
3.4585
3.4663
3.4970
3.4726
3.4698
3.4671
3.4579
3.4460
3.4331
3.4203
3.4100
3.4019
3.3974
3.3984
3.4013
3.4104
3.4222
3.4422
3.4633
3.4859
3.5077
3.5259
3.5386
3.5469
3.5517
3.5534
3.5519
3.5421
3.5269
3.5165
3.5041
3.4931
3.4833
3.4735
3.4659
3.4588
3.4517
3.4457
3.4402
3.4361
3.4339
3.4333
3.4335
3.4347
3.4358
3.4363
3.4355
3.4355
3.4341
3.4298
3.4209
3.4085
3.3936
3.3771
3.3620
3.3487
3.3354
3.3265
3.3214
3.3206
3.3245
3.3330
3.3454
3.3600
3.3770
3.3917
3.4092
3.4241
3.4371
3.4472
3.4536
3.4550
3.4506
3.4411
3.4299
3.4148
3.4041
3.3938
3.3867
3.3832
3.3835
3.3856
3.3913
3.3959
3.4003
3.4039
3.4048
3.4069
3.4092
3.4111
3.4117
3.4103
3.4071
3.4025
3.3940
3.3816
3.3787
3.3734
3.3704
3.3717
3.3741
3.3815
3.3883
3.3940
3.3994
3.4025
3.4044
3.4050
3.4044
3.4030
3.4029
3.3986
3.3960
3.3977
3.3917
3.3907
3.3907
3.3917
3.3945
3.3997
3.4070
3.4174
3.4296
3.4433
3.4567
3.4709
3.4815
3.4897
3.4945
3.4942
3.4898
3.4814
3.4719
3.4600
3.4481
3.4373
3.4287
3.4435
3.4224
3.4249
3.4298
3.4395
3.4501
3.4617
3.4734
3.4850
3.5591
3.5028
3.5069
3.5070
3.5014
3.4903
3.4731
3.4525
3.4322
3.4070
3.3827
3.3666
3.3506
3.3395
3.3302
3.3380
3.3294
3.3341
3.3430
3.3540
3.3670
3.3817
3.3970
3.4102
3.4260
3.4426
3.4560
3.4676
3.4768
3.4825
3.4808
3.4676
3.4484
3.4266
3.4096
3.3975
3.3855
3.3777
3.3731
3.3718
3.3732
3.3771
3.3822
3.3909
3.4004
3.4074
3.4159
3.4220
3.4281
3.4316
3.4393
3.4450
3.4512
3.4566
3.4607
3.4657
3.4669
3.4611
3.4530
3.4427
3.4341
3.4244
3.4157
3.4076
3.4007
3.3949
3.3901
3.3883
3.3881
3.3891
3.3946
3.4047
3.4105
3.4222
3.4361
3.4520
3.4682
3.4877
3.5045
3.5078
3.4993
3.4895
3.4795
3.4703
3.4591
3.4488
3.4386
3.4287
3.4197
3.4112
3.4067
3.4035
3.4039
3.4078
3.4154
3.4259
3.4381
3.4484
3.4530
3.4545
3.4581
3.4608
