3.4889
3.4789
3.4703
3.4581
3.4496
3.4014
3.4343
3.4298
3.4292
3.4271
3.4305
3.4348
3.4377
3.4452
3.4582
3.4614
3.4697
3.4768
3.4828
3.4863
3.4890
3.4857
3.4789
3.4707
3.4631
3.4552
3.4510
3.4485
3.4492
3.4504
3.4505
3.4485
3.4435
3.4352
3.4248
3.4126
3.4002
3.3880
3.3765
3.3645
3.3524
3.3425
3.3330
3.3250
3.3182
3.3141
3.3122
3.3121
3.3152
3.3243
3.3277
3.3365
3.3457
3.3521
3.3627
3.3706
3.3789
3.3880
3.3978
3.4077
3.4166
3.4262
3.4357
3.4452
3.4544
3.4636
3.4721
3.4804
3.4867
3.4922
3.4984
3.5024
3.5068
3.5109
3.5149
3.5185
3.5219
3.5224
3.5291
3.5304
3.5334
3.5357
3.5382
3.5412
3.5451
3.5503
3.5570
3.5654
3.5754
3.5879
3.5984
3.6070
3.6109
3.6117
3.6110
3.6091
3.6057
3.6013
3.5956
3.5892
3.5810
3.5719
3.5626
3.5533
3.5444
3.5361
3.5288
3.5229
3.5178
3.5079
3.4951
3.4826
3.4726
3.4638
3.4560
3.4488
3.4422
3.4346
3.4276
3.4195
3.4112
3.4021
3.3930
3.3823
3.3723
3.3617
3.3515
3.3433
3.3363
3.3312
3.3293
3.3290
3.3324
3.3389
3.3477
3.3592
3.3734
3.3898
3.4067
3.4247
3.4434
3.4609
3.4781
3.4934
3.4889
3.4793
3.4702
3.4625
3.4569
3.4523
3.4491
3.4483
3.4463
3.4518
3.4564
3.4630
3.4719
3.4808
3.4903
3.4998
3.5071
3.5098
3.5042
3.4946
3.4830
3.4705
3.4550
3.4445
3.4323
3.4211
3.4121
3.4055
3.4010
3.3997
3.4007
3.4007
3.3899
3.3817
3.3851
3.3799
3.3996
3.3666
3.3786
3.3826
3.3785
3.3973
3.4076
3.4087
3.4216
3.4428
3.4288
3.4255
3.4173
3.4121
3.4036
3.3997
3.3977
3.3971
3.3992
3.4032
3.3873
3.4146
3.4217
3.4297
3.4382
3.4472
3.4568
3.4672
3.4781
3.4895
3.5011
3.5130
3.5239
3.5344
3.5443
3.5523
3.5575
3.5605
3.5594
3.5548
3.5481
3.5374
3.5264
3.5148
3.5033
3.4918
3.4782
3.4576
3.4348
3.4141
3.3968
3.3822
3.3743
3.3696
3.3695
3.3725
3.3794
3.3885
3.3981
3.4083
3.4174
3.4246
3.4293
3.4316
3.4297
3.4218
3.4074
3.3889
3.3681
3.3491
3.3318
3.3172
3.3062
3.2987
3.2951
3.2950
3.2981
3.3033
3.3108
3.3214
3.3349
3.3504
3.3671
3.3852
3.4045
3.4238
3.4410
3.4546
3.4615
3.4603
3.4527
3.4411
3.4273
3.4130
3.4005
3.3896
3.3840
3.3825
3.3850
3.3920
3.4027
3.4130
3.4155
3.4161
3.4177
3.4206
3.4249
3.4307
3.4380
3.4469
3.4574
3.4695
3.4831
3.4977
3.5130
3.5277
3.5371
3.5316
3.5176
3.5020
3.4864
3.4726
3.4597
3.4482
3.4380
3.4289
3.4212
3.4146
3.4093
3.4049
3.4013
3.3979
3.3969
3.3955
3.3940
3.3935
3.3938
3.3946
3.3965
3.3995
3.4038
3.4095
3.4145
3.4081
3.3940
3.3796
3.3668
3.3560
3.3475
3.3399
3.3345
3.3316
3.3310
3.3327
3.3368
3.3441
3.3541
3.3671
3.3824
3.4000
3.4196
3.4404
3.4615
3.4810
3.4969
3.5057
3.5059
3.4995
3.4889
3.4761
3.4635
3.4521
3.4429
3.4360
3.4312
3.4275
3.4284
3.4295
3.4321
3.4358
3.4407
3.4469
3.4543
3.4626
3.4693
3.4709
3.4764
3.4797
3.4818
3.4812
3.4748
3.4637
3.4500
3.4347
3.4183
3.3999
3.3836
3.3661
3.3497
3.3351
3.3229
3.3137
3.3075
3.3053
3.3064
3.2773
3.3177
3.3274
3.3391
3.3522
3.3664
3.3814
3.3972
3.4135
3.4298
3.4440
3.4390
3.4294
3.4188
3.4084
3.3987
3.3905
3.3843
3.3802
3.3788
3.3806
3.3852
3.3922
3.4009
3.4110
3.4217
3.4328
3.4434
3.4535
3.4619
3.4681
3.4720
3.4734
3.4727
3.4699
3.4657
3.4609
3.4560
3.4516
3.4477
3.4450
3.4430
3.4415
3.4392
3.4355
3.4316
3.4283
3.4266
3.4264
3.4275
3.4296
3.4323
3.4351
3.4375
3.4393
3.4400
3.4396
3.4378
3.4333
3.4241
3.4116
3.3989
3.3869
3.3760
3.3663
3.3575
3.3496
3.3428
3.3368
3.3320
3.3283
3.3260
3.3257
3.3278
3.3325
3.3405
3.3518
3.3661
3.3837
3.4012
3.4164
3.4317
3.4481
3.4651
3.4822
3.4981
3.5115
3.5209
3.5277
3.5325
3.5357
3.5376
3.5387
3.5389
3.5386
3.5378
3.5366
3.5342
3.5302
3.5239
3.5146
3.5047
3.4956
3.4872
3.4890
3.4708
3.4639
3.4574
3.4509
3.4460
3.4410
3.4372
3.4337
3.4309
3.4280
3.4253
3.4228
3.4208
3.4189
3.4177
3.4174
3.4161
3.4113
3.4035
3.3942
3.3857
3.3784
3.3728
3.3792
3.3663
3.3656
3.3772
3.3797
3.3719
3.3774
3.3934
3.3838
3.3810
3.3781
3.3771
3.3876
3.3785
3.3929
3.3877
3.3961
3.4050
3.4148
3.4256
3.4368
3.4482
3.4590
3.4689
3.4777
3.4852
3.4903
3.4884
3.4816
3.4747
3.4688
3.4653
3.4640
3.4654
3.4698
3.4771
3.4867
3.4984
3.5107
3.5206
3.5195
3.5170
3.5131
3.5085
3.5036
3.4983
3.4929
3.4881
3.4840
3.4808
3.4791
3.4788
3.4801
3.4831
3.4869
3.4906
3.4887
3.4833
3.4787
3.4759
3.4744
3.4743
3.4755
3.4780
3.4799
3.4817
3.4830
3.4837
3.4842
3.4841
3.4841
3.4844
3.4846
3.4854
3.4834
3.4680
3.4442
3.4205
3.3988
3.3798
3.3640
3.3525
3.3449
3.3420
3.3429
3.3476
3.3562
3.3678
3.3820
3.3982
3.4158
3.4333
3.4466
3.4571
3.4655
3.4726
3.4798
3.4867
3.4931
3.4987
3.5034
3.5059
3.5095
3.5052
3.4995
3.4862
3.4731
3.4586
3.4434
3.4292
3.4171
3.4061
3.3983
3.3917
3.3893
3.3890
3.3898
3.3962
3.4035
3.4124
3.4243
3.4365
3.4484
3.4614
3.4694
3.4720
3.4693
3.4617
3.4475
3.4298
3.4106
3.3856
3.3775
3.3618
3.3507
3.3424
3.3371
3.3344
3.3353
3.3383
3.3450
3.3564
3.3600
3.3765
3.3898
3.4033
3.4166
3.4311
3.4449
3.4572
3.4692
3.4765
3.4909
3.5003
3.5053
3.5055
3.5061
3.5022
3.4994
3.5026
3.5047
3.5308
3.5060
3.5147
3.5182
3.5202
3.5184
3.5148
3.5048
3.4928
3.4806
3.4700
3.4611
3.4578
3.4570
3.4602
3.4612
3.4771
3.4989
3.5019
3.5153
3.5280
3.5395
3.5476
3.5528
3.5528
3.5480
3.5347
3.5176
3.4937
3.4696
3.4452
3.4222
3.4015
3.3840
3.3707
3.3615
3.3558
3.3549
3.3583
3.3649
3.3745
3.3864
3.3998
3.4135
3.4270
3.4415
3.4490
3.4382
3.4219
3.4017
3.3807
3.3599
3.3401
3.3210
3.3088
3.3211
3.2915
3.2835
3.2904
3.2956
3.3043
3.3160
3.3303
3.3469
3.3628
3.3794
3.3962
3.4072
3.4248
3.4305
3.4267
3.4228
3.4161
3.4143
3.4159
3.4209
3.4288
3.4434
3.4468
3.4547
3.4857
3.4726
3.4587
3.4562
3.4471
3.4354
3.4226
3.4098
3.3996
3.3914
3.3868
3.3878
3.3906
3.3996
3.4113
3.4312
3.4522
3.4748
3.4966
3.5150
3.5279
3.5364
3.5412
3.5428
3.5412
3.5315
3.5165
3.5061
3.4938
3.4828
3.4730
3.4632
3.4555
3.4482
3.4410
3.4347
3.4290
3.4248
3.4226
3.4221
3.4224
3.4239
3.4250
3.4257
3.4249
3.4249
3.4235
3.4191
3.4101
3.3978
3.3830
3.3667
3.3517
3.3384
3.3252
3.3162
3.3112
3.3104
3.3143
3.3228
3.3353
3.3498
3.3668
3.3815
3.3989
3.4137
3.4266
3.4368
3.4431
3.4444
3.4399
3.4303
3.4191
3.4039
3.3932
3.3830
3.3759
3.3725
3.3729
3.3751
3.3810
3.3857
3.3902
3.3938
3.3946
3.3967
3.3989
3.4007
3.4013
3.3998
3.3965
3.3919
3.3833
3.3709
3.3680
3.3627
3.3598
3.3610
3.3635
3.3710
3.3780
3.3838
3.3893
3.3924
3.3943
3.3950
3.3944
3.3931
3.3929
3.3886
3.3860
3.3877
3.3817
3.3806
3.3805
3.3815
3.3841
3.3893
3.3965
3.4068
3.4190
3.4327
3.4460
3.4602
3.4707
3.4789
3.4836
3.4832
3.4788
3.4702
3.4606
3.4486
3.4366
3.4258
3.4171
3.4319
3.4108
3.4133
3.4183
3.4280
3.4387
3.4503
3.4620
3.4736
3.5477
3.4916
3.4958
3.4959
3.4904
3.4795
3.4623
3.4418
3.4215
3.3964
3.3721
3.3561
3.3402
3.3291
3.3198
3.3277
3.3191
3.3239
3.3329
3.3439
3.3570
3.3717
3.3870
3.4002
3.4159
3.4324
3.4458
3.4572
3.4663
3.4719
3.4702
3.4571
3.4378
3.4160
3.3989
3.3868
3.3747
3.3669
3.3622
3.3609
3.3623
3.3663
3.3714
3.3800
3.3896
3.3967
3.4053
3.4115
3.4176
3.4212
3.4289
3.4346
3.4407
3.4459
3.4499
3.4547
3.4561
3.4504
3.4425
3.4323
3.4237
3.4140
3.4054
3.3972
3.3904
3.3846
3.3797
3.3780
3.3778
3.3788
3.3843
3.3944
3.4002
3.4118
3.4257
3.4415
3.4576
3.4771
3.4938
3.4969
3.4886
3.4789
3.4690
3.4599
3.4486
3.4383
3.4279
3.4179
3.4087
3.4001
3.3955
3.3921
3.3925
3.3964
3.4040
3.4147
3.4270
3.4375
3.4421
3.4436
3.4472
3.4499
