3.4889
3.4789
3.4703
3.4581
3.4496
3.4014
3.4343
3.4298
3.4292
3.4271
3.4305
3.4348
3.4407
3.4482
3.4611
3.4642
3.4724
3.4794
3.4853
3.4887
3.4890
3.4857
3.4789
3.4707
3.4631
3.4574
3.4532
3.4507
3.4515
3.4529
3.4532
3.4515
3.4466
3.4384
3.4280
3.4158
3.4033
3.3912
3.3795
3.3675
3.3553
3.3454
3.3358
3.3277
3.3208
3.3167
3.3147
3.3146
3.3176
3.3267
3.3301
3.3389
3.3483
3.3549
3.3656
3.3736
3.3819
3.3910
3.4008
3.4106
3.4195
3.4291
3.4385
3.4480
3.4570
3.4662
3.4746
3.4829
3.4892
3.4946
3.5008
3.5049
3.5093
3.5134
3.5174
3.5211
3.5245
3.5250
3.5316
3.5329
3.5359
3.5383
3.5407
3.5438
3.5477
3.5529
3.5596
3.5680
3.5780
3.5906
3.6011
3.6097
3.6136
3.6145
3.6139
3.6120
3.6086
3.6043
3.5987
3.5923
3.5842
3.5751
3.5658
3.5566
3.5477
3.5394
3.5321
3.5261
3.5208
3.5101
3.4972
3.4848
3.4749
3.4663
3.4587
3.4516
3.4450
3.4375
3.4306
3.4226
3.4144
3.4054
3.3963
3.3857
3.3757
3.3651
3.3550
3.3468
3.3398
3.3346
3.3327
3.3324
3.3358
3.3423
3.3510
3.3625
3.3766
3.3929
3.4098
3.4277
3.4462
3.4636
3.4806
3.4960
3.4918
3.4823
3.4733
3.4656
3.4600
3.4555
3.4524
3.4516
3.4497
3.4551
3.4597
3.4664
3.4753
3.4841
3.4937
3.5032
3.5104
3.5129
3.5072
3.4975
3.4859
3.4733
3.4579
3.4474
3.4352
3.4240
3.4151
3.4084
3.4039
3.4026
3.4037
3.4041
3.3934
3.3851
3.3784
3.3732
3.4029
3.3700
3.3717
3.3756
3.3818
3.3902
3.4003
3.4118
3.4247
3.4353
3.4319
3.4287
3.4205
3.4154
3.4068
3.4030
3.4011
3.4006
3.4027
3.4067
3.3908
3.4181
3.4253
3.4332
3.4417
3.4507
3.4603
3.4707
3.4815
3.4928
3.5043
3.5161
3.5268
3.5372
3.5469
3.5548
3.5599
3.5628
3.5618
3.5571
3.5504
3.5397
3.5287
3.5171
3.5056
3.4941
3.4809
3.4609
3.4382
3.4176
3.4004
3.3857
3.3779
3.3731
3.3730
3.3759
3.3827
3.3918
3.4012
3.4114
3.4204
3.4275
3.4320
3.4342
3.4323
3.4245
3.4102
3.3919
3.3712
3.3523
3.3351
3.3205
3.3095
3.3020
3.2984
3.2983
3.3015
3.3068
3.3143
3.3248
3.3383
3.3538
3.3704
3.3885
3.4077
3.4269
3.4440
3.4576
3.4645
3.4634
3.4559
3.4445
3.4309
3.4168
3.4044
3.3936
3.3881
3.3866
3.3891
3.3961
3.4068
3.4166
3.4187
3.4191
3.4206
3.4234
3.4275
3.4333
3.4405
3.4492
3.4596
3.4717
3.4853
3.4999
3.5152
3.5301
3.5397
3.5345
3.5206
3.5051
3.4897
3.4759
3.4631
3.4516
3.4414
3.4324
3.4246
3.4181
3.4127
3.4083
3.4046
3.4012
3.4001
3.3985
3.3970
3.3963
3.3965
3.3972
3.3990
3.4019
3.4062
3.4119
3.4171
3.4112
3.3973
3.3830
3.3702
3.3594
3.3509
3.3433
3.3379
3.3350
3.3343
3.3360
3.3401
3.3474
3.3574
3.3703
3.3855
3.4030
3.4225
3.4433
3.4643
3.4837
3.4995
3.5083
3.5086
3.5024
3.4920
3.4794
3.4669
3.4557
3.4465
3.4397
3.4348
3.4311
3.4320
3.4331
3.4357
3.4393
3.4442
3.4504
3.4578
3.4660
3.4726
3.4741
3.4795
3.4827
3.4846
3.4835
3.4767
3.4656
3.4521
3.4369
3.4206
3.4023
3.3862
3.3688
3.3525
3.3380
3.3258
3.3167
3.3105
3.3082
3.3093
3.2801
3.3205
3.3300
3.3416
3.3546
3.3686
3.3835
3.3991
3.4153
3.4315
3.4464
3.4424
3.4328
3.4223
3.4119
3.4023
3.3940
3.3878
3.3838
3.3823
3.3842
3.3887
3.3957
3.4044
3.4144
3.4250
3.4361
3.4465
3.4565
3.4648
3.4710
3.4747
3.4761
3.4755
3.4727
3.4685
3.4638
3.4590
3.4545
3.4508
3.4481
3.4461
3.4447
3.4425
3.4390
3.4352
3.4319
3.4301
3.4299
3.4309
3.4329
3.4354
3.4381
3.4404
3.4420
3.4426
3.4421
3.4403
3.4359
3.4269
3.4146
3.4020
3.3900
3.3791
3.3695
3.3608
3.3529
3.3461
3.3402
3.3354
3.3318
3.3295
3.3293
3.3314
3.3362
3.3442
3.3555
3.3696
3.3870
3.4033
3.4179
3.4331
3.4496
3.4667
3.4839
3.5000
3.5139
3.5237
3.5306
3.5355
3.5386
3.5406
3.5417
3.5419
3.5416
3.5408
3.5395
3.5371
3.5331
3.5268
3.5177
3.5079
3.4989
3.4905
3.4821
3.4742
3.4673
3.4608
3.4544
3.4495
3.4446
3.4407
3.4373
3.4344
3.4315
3.4289
3.4263
3.4243
3.4224
3.4212
3.4209
3.4195
3.4145
3.4067
3.3973
3.3887
3.3813
3.3757
3.3715
3.3690
3.3682
3.3691
3.3714
3.3744
3.3799
3.3852
3.3866
3.3840
3.3811
3.3801
3.3799
3.3816
3.3853
3.3909
3.3992
3.4081
3.4179
3.4287
3.4399
3.4512
3.4621
3.4719
3.4807
3.4882
3.4931
3.4913
3.4846
3.4777
3.4719
3.4684
3.4671
3.4685
3.4728
3.4801
3.4896
3.5012
3.5133
3.5233
3.5223
3.5198
3.5159
3.5113
3.5063
3.5010
3.4956
3.4908
3.4866
3.4834
3.4817
3.4814
3.4827
3.4857
3.4896
3.4936
3.4920
3.4866
3.4820
3.4792
3.4778
3.4777
3.4789
3.4813
3.4832
3.4850
3.4863
3.4870
3.4874
3.4873
3.4872
3.4875
3.4876
3.4884
3.4866
3.4714
3.4476
3.4240
3.4023
3.3833
3.3674
3.3560
3.3484
3.3454
3.3463
3.3510
3.3596
3.3712
3.3854
3.4016
3.4192
3.4366
3.4496
3.4599
3.4682
3.4753
3.4825
3.4893
3.4956
3.5012
3.5059
3.5083
3.5120
3.5076
3.5021
3.4889
3.4759
3.4615
3.4463
3.4322
3.4201
3.4092
3.4013
3.3948
3.3924
3.3921
3.3929
3.3992
3.4065
3.4154
3.4273
3.4395
3.4513
3.4640
3.4718
3.4743
3.4715
3.4639
3.4497
3.4320
3.4129
3.3879
3.3799
3.3643
3.3532
3.3451
3.3398
3.3372
3.3382
3.3413
3.3480
3.3594
3.3630
3.3796
3.3928
3.4063
3.4196
3.4339
3.4477
3.4599
3.4718
3.4790
3.4934
3.5029
3.5080
3.5083
3.5089
3.5049
3.5020
3.5052
3.5073
3.5334
3.5087
3.5174
3.5210
3.5231
3.5213
3.5180
3.5082
3.4964
3.4842
3.4737
3.4648
3.4615
3.4607
3.4638
3.4648
3.4806
3.5023
3.5052
3.5184
3.5311
3.5424
3.5504
3.5555
3.5555
3.5506
3.5375
3.5205
3.4967
3.4726
3.4482
3.4253
3.4046
3.3871
3.3738
3.3646
3.3589
3.3580
3.3613
3.3679
3.3774
3.3893
3.4025
3.4162
3.4295
3.4439
3.4513
3.4412
3.4249
3.4048
3.3839
3.3631
3.3434
3.3244
3.3122
3.3246
3.2950
3.2869
3.2938
3.2990
3.3076
3.3194
3.3337
3.3504
3.3663
3.3829
3.3997
3.4108
3.4281
3.4330
3.4287
3.4245
3.4178
3.4160
3.4176
3.4227
3.4307
3.4455
3.4490
3.4571
3.4882
3.4641
3.4615
3.4591
3.4501
3.4385
3.4257
3.4129
3.4027
3.3945
3.3898
3.3908
3.3935
3.4023
3.4140
3.4338
3.4548
3.4773
3.4991
3.5177
3.5309
3.5395
3.5444
3.5461
3.5446
3.5351
3.5201
3.5098
3.4975
3.4865
3.4766
3.4668
3.4590
3.4516
3.4442
3.4377
3.4318
3.4275
3.4252
3.4248
3.4252
3.4268
3.4281
3.4288
3.4281
3.4281
3.4267
3.4223
3.4133
3.4009
3.3861
3.3697
3.3548
3.3416
3.3283
3.3194
3.3144
3.3136
3.3175
3.3260
3.3385
3.3530
3.3700
3.3847
3.4020
3.4167
3.4295
3.4394
3.4456
3.4467
3.4421
3.4324
3.4212
3.4060
3.3954
3.3852
3.3782
3.3749
3.3755
3.3777
3.3838
3.3888
3.3935
3.3970
3.3977
3.3997
3.4019
3.4036
3.4042
3.4026
3.3992
3.3945
3.3858
3.3733
3.3702
3.3649
3.3620
3.3633
3.3659
3.3735
3.3806
3.3866
3.3922
3.3955
3.3974
3.3981
3.3976
3.3963
3.3961
3.3918
3.3890
3.3907
3.3846
3.3834
3.3832
3.3840
3.3866
3.3917
3.3988
3.4092
3.4214
3.4352
3.4485
3.4628
3.4735
3.4817
3.4865
3.4861
3.4817
3.4732
3.4636
3.4516
3.4396
3.4287
3.4201
3.4348
3.4136
3.4160
3.4209
3.4305
3.4411
3.4525
3.4642
3.4757
3.5496
3.4935
3.4977
3.4979
3.4926
3.4818
3.4648
3.4445
3.4243
3.3993
3.3751
3.3591
3.3433
3.3322
3.3230
3.3309
3.3224
3.3272
3.3362
3.3473
3.3603
3.3751
3.3903
3.4035
3.4192
3.4357
3.4489
3.4602
3.4691
3.4745
3.4726
3.4596
3.4404
3.4186
3.4015
3.3894
3.3773
3.3696
3.3649
3.3636
3.3650
3.3690
3.3741
3.3828
3.3923
3.3994
3.4081
3.4143
3.4204
3.4240
3.4317
3.4373
3.4434
3.4485
3.4524
3.4572
3.4587
3.4531
3.4453
3.4353
3.4268
3.4172
3.4086
3.4005
3.3937
3.3879
3.3831
3.3815
3.3812
3.3822
3.3877
3.3978
3.4036
3.4152
3.4290
3.4448
3.4608
3.4802
3.4968
3.5000
3.4916
3.4820
3.4721
3.4630
3.4517
3.4413
3.4309
3.4209
3.4117
3.4031
3.3985
3.3951
3.3955
3.3994
3.4071
3.4177
3.4302
3.4407
3.4451
3.4465
3.4500
3.4526
