0.000000000000000000e+00
2.122103823728641037e-03
4.244207647457282073e-03
6.366311471185923110e-03
8.488417374576643845e-03
1.061052119830528488e-02
1.273262502203392418e-02
1.485472884576256522e-02
1.697683266949119585e-02
1.909893649321983689e-02
2.122104239661055589e-02
2.334314622033919692e-02
2.546525004406783796e-02
2.758735386779647900e-02
2.970945769152512003e-02
3.183156151525376454e-02
3.395366741864448007e-02
3.607577124237312111e-02
3.819787506610176214e-02
4.031997888983040318e-02
4.244208271355904422e-02
4.456418653728768525e-02
4.668629244067840772e-02
4.880839626440704876e-02
5.093050008813568980e-02
5.305260391186433083e-02
5.517470773559295799e-02
5.729681155932161291e-02
5.941891746271232844e-02
6.154102128644096253e-02
6.366312511016959663e-02
6.578522893389823767e-02
6.790733275762687871e-02
7.002943658135551974e-02
7.215154248474624221e-02
7.427364630847488325e-02
7.639575013220352429e-02
7.851785395593216532e-02
8.063995777966080636e-02
8.276206160338943352e-02
8.488416750678015599e-02
8.700627133050881090e-02
8.912837515423743806e-02
9.125047897796607910e-02
9.337258280169472013e-02
9.549468662542336117e-02
9.761679252881408364e-02
9.973889635254272468e-02
1.018610001762713657e-01
1.039831040000000068e-01
1.039831040000000068e-01
1.077823860205405077e-01
1.115816680410810224e-01
1.153809500616215233e-01
1.191802358054590005e-01
1.229795178259995153e-01
1.267787998465400301e-01
1.305780818670805310e-01
1.343773638876210319e-01
1.381766459081615328e-01
1.419759316519990100e-01
1.457752136725395387e-01
1.495744956930800396e-01
1.533737777136205405e-01
1.571730597341610414e-01
1.609723417547015423e-01
1.647716274985390472e-01
1.685709095190795481e-01
1.723701915396200490e-01
1.761694735601605499e-01
1.799687555807010786e-01
1.837680376012415517e-01
1.875673233450790289e-01
1.913666053656195576e-01
1.951658873861600862e-01
1.989651694067005594e-01
2.027644514272410881e-01
2.065637334477815890e-01
2.103630191916190384e-01
2.141623012121595671e-01
2.179615832327000680e-01
2.217608652532405689e-01
2.255601472737810975e-01
2.293594292943215707e-01
2.331587150381591034e-01
2.369579970586995765e-01
2.407572790792401052e-01
2.445565610997806338e-01
2.483558431203211070e-01
2.521551251408616356e-01
2.559544108846991128e-01
2.597536929052395860e-01
2.635529749257801146e-01
2.673522569463206433e-01
2.711515389668611165e-01
2.749508209874016451e-01
2.787501067312391223e-01
2.825493887517795955e-01
2.863486707723201241e-01
2.901479527928605973e-01
2.901479527928605973e-01
2.912090047047249386e-01
2.922700566165892244e-01
2.933311085284535658e-01
2.943921604403178516e-01
2.954532123521821929e-01
2.965142642640465342e-01
2.975753182555729293e-01
2.986363701674372151e-01
2.996974220793015564e-01
3.007584739911658978e-01
3.018195259030301836e-01
3.028805778148945249e-01
3.039416297267588107e-01
3.050026816386231521e-01
3.060637335504874934e-01
3.071247854623517792e-01
3.081858373742161206e-01
3.092468892860804619e-01
3.103079432776068569e-01
3.113689951894711427e-01
3.124300471013354841e-01
3.134910990131998254e-01
3.145521509250641112e-01
3.156132028369284526e-01
3.166742547487927384e-01
3.177353066606570797e-01
3.187963585725214211e-01
3.198574104843857069e-01
3.209184623962500482e-01
3.219795143081143340e-01
3.230405682996407846e-01
3.241016202115050704e-01
3.251626721233694117e-01
3.262237240352336975e-01
3.272847759470980389e-01
3.283458278589623802e-01
3.294068797708266660e-01
3.304679316826910074e-01
3.315289835945552932e-01
3.325900355064196345e-01
3.336510874182839759e-01
3.347121393301482617e-01
3.357731933216746567e-01
3.368342452335389980e-01
3.378952971454033394e-01
3.389563490572676252e-01
3.400174009691319665e-01
3.410784528809962524e-01
3.421395047928605937e-01
3.421395047928605937e-01
3.448260028732249016e-01
3.475125009535892096e-01
3.501989990339535730e-01
3.528854971143178809e-01
3.555719951946821888e-01
3.582584932750464968e-01
3.609449966209479221e-01
3.636314947013122301e-01
3.663179927816765380e-01
3.690044908620408459e-01
3.716909889424052094e-01
3.743774870227695173e-01
3.770639851031338252e-01
3.797504831834981331e-01
3.824369812638624966e-01
3.851234793442268045e-01
3.878099774245911124e-01
3.904964755049554204e-01
3.931829788508568457e-01
3.958694769312211537e-01
3.985559750115854616e-01
4.012424730919498250e-01
4.039289711723141330e-01
4.066154692526784409e-01
4.093019673330427488e-01
4.119884654134070567e-01
4.146749634937714202e-01
4.173614615741357281e-01
4.200479596545000360e-01
4.227344577348643440e-01
4.254209610807657693e-01
4.281074591611300773e-01
4.307939572414943852e-01
4.334804553218587486e-01
4.361669534022230565e-01
4.388534514825873645e-01
4.415399495629516724e-01
4.442264476433159803e-01
4.469129457236802883e-01
4.495994438040446517e-01
4.522859418844089596e-01
4.549724399647732676e-01
4.576589433106746929e-01
4.603454413910390008e-01
4.630319394714033088e-01
4.657184375517676167e-01
4.684049356321319246e-01
4.710914337124962881e-01
4.737779317928605960e-01
4.737779317928605960e-01
4.766663748155757774e-01
4.795548178382910143e-01
4.824432608610061957e-01
4.853317067143960162e-01
4.882201497371111976e-01
4.911085927598263789e-01
4.939970357825416158e-01
4.968854788052567972e-01
4.997739218279719786e-01
5.026623676813617436e-01
5.055508107040770360e-01
5.084392537267922174e-01
5.113276967495073988e-01
5.142161397722225802e-01
5.171045827949377616e-01
5.199930286483276376e-01
5.228814716710428190e-01
5.257699146937580004e-01
5.286583577164731818e-01
5.315468007391883631e-01
5.344352437619035445e-01
5.373236896152934206e-01
5.402121326380086019e-01
5.431005756607237833e-01
5.459890186834389647e-01
5.488774617061541461e-01
5.517659047288694385e-01
5.546543505822592035e-01
5.575427936049743849e-01
5.604312366276895663e-01
5.633196796504047477e-01
5.662081226731199290e-01
5.690965656958352215e-01
5.719850115492249865e-01
5.748734545719401678e-01
5.777618975946553492e-01
5.806503406173706416e-01
5.835387836400858230e-01
5.864272266628010044e-01
5.893156725161907694e-01
5.922041155389059508e-01
5.950925585616211322e-01
5.979810015843364246e-01
6.008694446070516060e-01
6.037578876297667874e-01
6.066463334831565524e-01
6.095347765058717338e-01
6.124232195285870262e-01
6.153116625513022075e-01
