2.0000 0.0000
2.0010 0.0000
2.0020 0.0000
2.0030 0.0000
2.0040 0.0000
2.0050 0.0000
2.0060 0.0000
2.0070 0.0000
2.0080 0.0000
2.0090 0.0000
2.0100 0.0000
2.0110 0.0000
2.0120 0.0000
2.0130 0.0000
2.0140 0.0000
2.0150 0.0000
2.0160 0.0000
2.0170 0.0000
2.0180 0.0000
2.0190 0.0000
2.0200 0.0000
2.0210 0.0000
2.0220 0.0000
2.0230 0.0000
2.0240 0.0000
2.0250 0.0000
2.0260 0.0000
2.0270 0.0000
2.0280 0.0000
2.0290 0.0000
2.0300 0.0000
2.0310 0.0000
2.0320 0.0000
2.0330 0.0000
2.0340 0.0000
2.0350 0.0000
2.0360 0.0000
2.0370 0.0000
2.0380 0.0000
2.0390 0.0000
2.0400 0.0000
2.0410 0.0000
2.0420 0.0000
2.0430 0.0000
2.0440 0.0000
2.0450 0.0000
2.0460 0.0000
2.0470 0.0000
2.0480 0.0000
2.0490 0.0000
2.0500 0.0000
2.0510 0.0000
2.0520 0.0000
2.0530 0.0000
2.0540 0.0000
2.0550 0.0000
2.0560 0.0000
2.0570 0.0000
2.0580 0.0000
2.0590 0.0000
2.0600 0.0000
2.0610 0.0000
2.0620 0.0000
2.0630 0.0000
2.0640 0.0000
2.0650 0.0000
2.0660 0.0000
2.0670 0.0000
2.0680 0.0000
2.0690 0.0000
2.0700 0.0000
2.0710 0.0000
2.0720 0.0000
2.0730 0.0000
2.0740 0.0000
2.0750 0.0000
2.0760 0.0000
2.0770 0.0000
2.0780 0.0000
2.0790 0.0000
2.0800 0.0000
2.0810 0.0000
2.0820 0.0000
2.0830 0.0000
2.0840 0.0000
2.0850 0.0000
2.0860 0.0000
2.0870 0.0000
2.0880 0.0000
2.0890 0.0000
2.0900 0.0000
2.0910 0.0000
2.0920 0.0000
2.0930 0.0000
2.0940 0.0000
2.0950 0.0000
2.0960 0.0000
2.0970 0.0000
2.0980 0.0000
2.0990 0.0000
2.1000 0.0000
2.1010 0.0000
2.1020 0.0000
2.1030 0.0000
2.1040 0.0000
2.1050 0.0000
2.1060 0.0000
2.1070 0.0000
2.1080 0.0000
2.1090 0.0000
2.1100 0.0000
2.1110 0.0000
2.1120 0.0000
2.1130 0.0000
2.1140 0.0000
2.1150 0.0000
2.1160 0.0000
2.1170 0.0000
2.1180 0.0000
2.1190 0.0000
2.1200 0.0000
2.1210 0.0000
2.1220 0.0000
2.1230 0.0000
2.1240 0.0000
2.1250 0.0000
2.1260 0.0000
2.1270 0.0000
2.1280 0.0000
2.1290 0.0000
2.1300 0.0000
2.1310 0.0000
2.1320 0.0000
2.1330 0.0000
2.1340 0.0000
2.1350 0.0000
2.1360 0.0000
2.1370 0.0000
2.1380 0.0000
2.1390 0.0000
2.1400 0.0000
2.1410 0.0000
2.1420 0.0000
2.1430 0.0000
2.1440 0.0000
2.1450 0.0000
2.1460 0.0000
2.1470 0.0000
2.1480 0.0000
2.1490 0.0000
2.1500 0.0000
2.1510 0.0000
2.1520 0.0000
2.1530 0.0000
2.1540 0.0000
2.1550 0.0000
2.1560 0.0000
2.1570 0.0000
2.1580 0.0000
2.1590 0.0000
2.1600 0.0000
2.1610 0.0000
2.1620 0.0000
2.1630 0.0000
2.1640 0.0000
2.1650 0.0000
2.1660 0.0000
2.1670 0.0000
2.1680 0.0000
2.1690 0.0000
2.1700 0.0000
2.1710 0.0000
2.1720 0.0000
2.1730 0.0000
2.1740 0.0000
2.1750 0.0000
2.1760 0.0000
2.1770 0.0000
2.1780 0.0000
2.1790 0.0000
2.1800 0.0000
2.1810 0.0000
2.1820 0.0000
2.1830 0.0000
2.1840 0.0000
2.1850 0.0000
2.1860 0.0000
2.1870 0.0000
2.1880 0.0000
2.1890 0.0000
2.1900 0.0000
2.1910 0.0000
2.1920 0.0000
2.1930 0.0000
2.1940 0.0000
2.1950 0.0000
2.1960 0.0000
2.1970 0.0000
2.1980 0.0000
2.1990 0.0000
2.2001 0.0000
2.2011 0.0000
2.2021 0.0000
2.2031 0.0000
2.2041 0.0000
2.2051 0.0000
2.2061 0.0000
2.2071 0.0000
2.2081 0.0000
2.2091 0.0000
2.2101 0.0000
2.2111 0.0000
2.2121 0.0000
2.2131 0.0000
2.2141 0.0000
2.2151 0.0000
2.2161 0.0000
2.2171 0.0000
2.2181 0.0000
2.2191 0.0000
2.2201 0.0000
2.2211 0.0000
2.2221 0.0000
2.2231 0.0000
2.2241 0.0000
2.2251 0.0000
2.2261 0.0000
2.2271 0.0000
2.2281 0.0000
2.2291 0.0000
2.2301 0.0000
2.2311 0.0000
2.2321 0.0000
2.2331 0.0000
2.2341 0.0000
2.2351 0.0000
2.2361 0.0000
2.2371 0.0000
2.2381 0.0000
2.2391 0.0000
2.2401 0.0000
2.2411 0.0000
2.2421 0.0000
2.2431 0.0000
2.2441 0.0000
2.2451 0.0000
2.2461 0.0000
2.2471 0.0000
2.2481 0.0000
2.2491 0.0000
2.2501 0.0000
2.2511 0.0000
2.2521 0.0000
2.2531 0.0000
2.2541 0.0000
2.2551 0.0000
2.2561 0.0000
2.2571 0.0000
2.2581 0.0000
2.2591 0.0000
2.2601 0.0000
2.2611 0.0000
2.2621 0.0000
2.2631 0.0000
2.2641 0.0000
2.2651 0.0000
2.2661 0.0000
2.2671 0.0000
2.2681 0.0000
2.2691 0.0000
2.2701 0.0000
2.2711 0.0000
2.2721 0.0000
2.2731 0.0000
2.2741 0.0000
2.2751 0.0000
2.2761 0.0000
2.2771 0.0000
2.2781 0.0000
2.2791 0.0000
2.2801 0.0000
2.2811 0.0000
2.2821 0.0000
2.2831 0.0000
2.2841 0.0000
2.2851 0.0000
2.2861 0.0000
2.2871 0.0000
2.2881 0.0000
2.2891 0.0000
2.2901 0.0000
2.2911 0.0000
2.2921 0.0000
2.2931 0.0000
2.2941 0.0000
2.2951 0.0000
2.2961 0.0000
2.2971 0.0000
2.2981 0.0000
2.2991 0.0000
2.3001 0.0000
2.3011 0.0000
2.3021 0.0000
2.3031 0.0000
2.3041 0.0000
2.3051 0.0000
2.3061 0.0000
2.3071 0.0000
2.3081 0.0000
2.3091 0.0000
2.3101 0.0000
2.3111 0.0000
2.3121 0.0000
2.3131 0.0000
2.3141 0.0000
2.3151 0.0000
2.3161 0.0000
2.3171 0.0000
2.3181 0.0000
2.3191 0.0000
2.3201 0.0000
2.3211 0.0000
2.3221 0.0000
2.3231 0.0000
2.3241 0.0000
2.3251 0.0000
2.3261 0.0000
2.3271 0.0000
2.3281 0.0000
2.3291 0.0000
2.3301 0.0000
2.3311 0.0000
2.3321 0.0000
2.3331 0.0000
2.3341 0.0000
2.3351 0.0000
2.3361 0.0000
2.3371 0.0000
2.3381 0.0000
2.3391 0.0000
2.3401 0.0000
2.3411 0.0000
2.3421 0.0000
2.3431 0.0000
2.3441 0.0000
2.3451 0.0000
2.3461 0.0000
2.3471 0.0000
2.3481 0.0000
2.3491 0.0000
2.3501 0.0000
2.3511 0.0000
2.3521 0.0000
2.3531 0.0000
2.3541 0.0000
2.3551 0.0000
2.3561 0.0000
2.3571 0.0000
2.3581 0.0000
2.3591 0.0000
2.3601 0.0000
2.3611 0.0000
2.3621 0.0000
2.3631 0.0000
2.3641 0.0000
2.3651 0.0000
2.3661 0.0000
2.3671 0.0000
2.3681 0.0000
2.3691 0.0000
2.3701 0.0000
2.3711 0.0000
2.3721 0.0000
2.3731 0.0000
2.3741 0.0000
2.3751 0.0000
2.3761 0.0000
2.3771 0.0000
2.3781 0.0000
2.3791 0.0000
2.3801 0.0000
2.3811 0.0000
2.3821 0.0000
2.3831 0.0000
2.3841 0.0000
2.3851 0.0000
2.3861 0.0000
2.3871 0.0000
2.3881 0.0000
2.3891 0.0000
2.3901 0.0000
2.3911 0.0000
2.3921 0.0000
2.3931 0.0000
2.3941 0.0000
2.3951 0.0000
2.3961 0.0000
2.3971 0.0000
2.3981 0.0000
2.3991 0.0000
2.4001 0.0000
2.4011 0.0000
2.4021 0.0000
2.4031 0.0000
2.4041 0.0000
2.4051 0.0000
2.4061 0.0000
2.4071 0.0000
2.4081 0.0000
2.4091 0.0000
2.4101 0.0000
2.4111 0.0000
2.4121 0.0000
2.4131 0.0000
2.4141 0.0000
2.4151 0.0000
2.4161 0.0000
2.4171 0.0000
2.4181 0.0000
2.4191 0.0000
2.4201 0.0000
2.4211 0.0000
2.4221 0.0000
2.4231 0.0000
2.4241 0.0000
2.4251 0.0000
2.4261 0.0000
2.4271 0.0000
2.4281 0.0000
2.4291 0.0000
2.4301 0.0000
2.4311 0.0000
2.4321 0.0000
2.4331 0.0000
2.4341 0.0000
2.4351 0.0000
2.4361 0.0000
2.4371 0.0000
2.4381 0.0000
2.4391 0.0000
2.4401 0.0000
2.4411 0.0000
2.4421 0.0000
2.4431 0.0000
2.4441 0.0000
2.4451 0.0000
2.4461 0.0000
2.4471 0.0000
2.4481 0.0000
2.4491 0.0000
2.4501 0.0000
2.4511 0.0000
2.4521 0.0000
2.4531 0.0000
2.4541 0.0000
2.4551 0.0000
2.4561 0.0000
2.4571 0.0000
2.4581 0.0000
2.4591 0.0000
2.4601 0.0000
2.4611 0.0000
2.4621 0.0000
2.4631 0.0000
2.4641 0.0000
2.4651 0.0000
2.4661 0.0000
2.4671 0.0000
2.4681 0.0000
2.4691 0.0000
2.4701 0.0000
2.4711 0.0000
2.4721 0.0000
2.4731 0.0000
2.4741 0.0000
2.4751 0.0000
2.4761 0.0000
2.4771 0.0000
2.4781 0.0000
2.4791 0.0000
2.4801 0.0000
2.4811 0.0000
2.4821 0.0000
2.4831 0.0000
2.4841 0.0000
2.4851 0.0000
2.4861 0.0000
2.4871 0.0000
2.4881 0.0000
2.4891 0.0000
2.4901 0.0000
2.4911 0.0000
2.4921 0.0000
2.4931 0.0000
2.4941 0.0000
2.4951 0.0000
2.4961 0.0000
2.4971 0.0000
2.4981 0.0000
2.4991 0.0000
2.5001 0.0000
2.5011 0.0000
2.5021 0.0000
2.5031 0.0000
2.5041 0.0000
2.5051 0.0000
2.5061 0.0000
2.5071 0.0000
2.5081 0.0000
2.5091 0.0000
2.5101 0.0000
2.5111 0.0000
2.5121 0.0000
2.5131 0.0000
2.5141 0.0000
2.5151 0.0000
2.5161 0.0000
2.5171 0.0000
2.5181 0.0000
2.5191 0.0000
2.5201 0.0000
2.5211 0.0000
2.5221 0.0000
2.5231 0.0000
2.5241 0.0000
2.5251 0.0000
2.5261 0.0000
2.5271 0.0000
2.5281 0.0000
2.5291 0.0000
2.5301 0.0000
2.5311 0.0000
2.5321 0.0000
2.5331 0.0000
2.5341 0.0000
2.5351 0.0000
2.5361 0.0000
2.5371 0.0000
2.5381 0.0000
2.5391 0.0000
2.5401 0.0000
2.5411 0.0000
2.5421 0.0000
2.5431 0.0000
2.5441 0.0000
2.5451 0.0000
2.5461 0.0000
2.5471 0.0000
2.5481 0.0000
2.5491 0.0000
2.5501 0.0000
2.5511 0.0000
2.5521 0.0000
2.5531 0.0000
2.5541 0.0000
2.5551 0.0000
2.5561 0.0000
2.5571 0.0000
2.5581 0.0000
2.5591 0.0000
2.5601 0.0000
2.5611 0.0000
2.5621 0.0000
2.5631 0.0000
2.5641 0.0000
2.5651 0.0000
2.5661 0.0000
2.5671 0.0000
2.5681 0.0000
2.5691 0.0000
2.5701 0.0000
2.5711 0.0000
2.5721 0.0000
2.5731 0.0000
2.5741 0.0000
2.5751 0.0000
2.5761 0.0000
2.5771 0.0000
2.5781 0.0000
2.5791 0.0000
2.5801 0.0000
2.5811 0.0000
2.5821 0.0000
2.5831 0.0000
2.5841 0.0000
2.5851 0.0000
2.5861 0.0000
2.5871 0.0000
2.5881 0.0000
2.5891 0.0000
2.5901 0.0000
2.5911 0.0000
2.5921 0.0000
2.5931 0.0000
2.5941 0.0000
2.5951 0.0000
2.5961 0.0000
2.5971 0.0000
2.5981 0.0000
2.5991 0.0000
2.6002 0.0000
2.6012 0.0000
2.6022 0.0000
2.6032 0.0000
2.6042 0.0000
2.6052 0.0000
2.6062 0.0000
2.6072 0.0000
2.6082 0.0000
2.6092 0.0000
2.6102 0.0000
2.6112 0.0000
2.6122 0.0000
2.6132 0.0000
2.6142 0.0000
2.6152 0.0000
2.6162 0.0000
2.6172 0.0000
2.6182 0.0000
2.6192 0.0000
2.6202 0.0000
2.6212 0.0000
2.6222 0.0000
2.6232 0.0000
2.6242 0.0000
2.6252 0.0000
2.6262 0.0000
2.6272 0.0000
2.6282 0.0000
2.6292 0.0000
2.6302 0.0000
2.6312 0.0000
2.6322 0.0000
2.6332 0.0000
2.6342 0.0000
2.6352 0.0000
2.6362 0.0000
2.6372 0.0000
2.6382 0.0000
2.6392 0.0000
2.6402 0.0000
2.6412 0.0000
2.6422 0.0000
2.6432 0.0000
2.6442 0.0000
2.6452 0.0000
2.6462 0.0000
2.6472 0.0000
2.6482 0.0000
2.6492 0.0000
2.6502 0.0000
2.6512 0.0000
2.6522 0.0000
2.6532 0.0000
2.6542 0.0000
2.6552 0.0000
2.6562 0.0000
2.6572 0.0000
2.6582 0.0000
2.6592 0.0000
2.6602 0.0000
2.6612 0.0000
2.6622 0.0000
2.6632 0.0000
2.6642 0.0000
2.6652 0.0000
2.6662 0.0000
2.6672 0.0000
2.6682 0.0000
2.6692 0.0000
2.6702 0.0000
2.6712 0.0000
2.6722 0.0000
2.6732 0.0000
2.6742 0.0000
2.6752 0.0000
2.6762 0.0000
2.6772 0.0000
2.6782 0.0000
2.6792 0.0000
2.6802 0.0000
2.6812 0.0000
2.6822 0.0000
2.6832 0.0000
2.6842 0.0000
2.6852 0.0000
2.6862 0.0000
2.6872 0.0000
2.6882 0.0000
2.6892 0.0000
2.6902 0.0000
2.6912 0.0000
2.6922 0.0000
2.6932 0.0000
2.6942 0.0000
2.6952 0.0000
2.6962 0.0000
2.6972 0.0000
2.6982 0.0000
2.6992 0.0000
2.7002 0.0000
2.7012 0.0000
2.7022 0.0000
2.7032 0.0000
2.7042 0.0000
2.7052 0.0000
2.7062 0.0000
2.7072 0.0000
2.7082 0.0000
2.7092 0.0000
2.7102 0.0000
2.7112 0.0000
2.7122 0.0000
2.7132 0.0000
2.7142 0.0000
2.7152 0.0000
2.7162 0.0000
2.7172 0.0000
2.7182 0.0000
2.7192 0.0000
2.7202 0.0000
2.7212 0.0000
2.7222 0.0000
2.7232 0.0000
2.7242 0.0000
2.7252 0.0000
2.7262 0.0000
2.7272 0.0000
2.7282 0.0000
2.7292 0.0000
2.7302 0.0000
2.7312 0.0000
2.7322 0.0000
2.7332 0.0000
2.7342 0.0000
2.7352 0.0000
2.7362 0.0000
2.7372 0.0000
2.7382 0.0000
2.7392 0.0000
2.7402 0.0000
2.7412 0.0000
2.7422 0.0000
2.7432 0.0000
2.7442 0.0000
2.7452 0.0000
2.7462 0.0000
2.7472 0.0000
2.7482 0.0000
2.7492 0.0000
2.7502 0.0000
2.7512 0.0000
2.7522 0.0000
2.7532 0.0000
2.7542 0.0000
2.7552 0.0000
2.7562 0.0000
2.7572 0.0000
2.7582 0.0000
2.7592 0.0000
2.7602 0.0000
2.7612 0.0000
2.7622 0.0000
2.7632 0.0000
2.7642 0.0000
2.7652 0.0000
2.7662 0.0000
2.7672 0.0000
2.7682 0.0000
2.7692 0.0000
2.7702 0.0000
2.7712 0.0000
2.7722 0.0000
2.7732 0.0000
2.7742 0.0000
2.7752 0.0000
2.7762 0.0000
2.7772 0.0000
2.7782 0.0000
2.7792 0.0000
2.7802 0.0000
2.7812 0.0000
2.7822 0.0000
2.7832 0.0000
2.7842 0.0000
2.7852 0.0000
2.7862 0.0000
2.7872 0.0000
2.7882 0.0000
2.7892 0.0000
2.7902 0.0000
2.7912 0.0000
2.7922 0.0000
2.7932 0.0000
2.7942 0.0000
2.7952 0.0000
2.7962 0.0000
2.7972 0.0000
2.7982 0.0000
2.7992 0.0000
2.8002 0.0000
2.8012 0.0000
2.8022 0.0000
2.8032 0.0000
2.8042 0.0000
2.8052 0.0000
2.8062 0.0000
2.8072 0.0000
2.8082 0.0000
2.8092 0.0000
2.8102 0.0000
2.8112 0.0000
2.8122 0.0000
2.8132 0.0000
2.8142 0.0000
2.8152 0.0000
2.8162 0.0000
2.8172 0.0000
2.8182 0.0000
2.8192 0.0000
2.8202 0.0000
2.8212 0.0000
2.8222 0.0000
2.8232 0.0000
2.8242 0.0000
2.8252 0.0000
2.8262 0.0000
2.8272 0.0000
2.8282 0.0000
2.8292 0.0000
2.8302 0.0000
2.8312 0.0000
2.8322 0.0000
2.8332 0.0000
2.8342 0.0000
2.8352 0.0000
2.8362 0.0000
2.8372 0.0000
2.8382 0.0000
2.8392 0.0000
2.8402 0.0000
2.8412 0.0000
2.8422 0.0000
2.8432 0.0000
2.8442 0.0000
2.8452 0.0000
2.8462 0.0000
2.8472 0.0000
2.8482 0.0000
2.8492 0.0000
2.8502 0.0000
2.8512 0.0000
2.8522 0.0000
2.8532 0.0000
2.8542 0.0000
2.8552 0.0000
2.8562 0.0000
2.8572 0.0000
2.8582 0.0000
2.8592 0.0000
2.8602 0.0000
2.8612 0.0000
2.8622 0.0000
2.8632 0.0000
2.8642 0.0000
2.8652 0.0000
2.8662 0.0000
2.8672 0.0000
2.8682 0.0000
2.8692 0.0000
2.8702 0.0000
2.8712 0.0000
2.8722 0.0000
2.8732 0.0000
2.8742 0.0000
2.8752 0.0000
2.8762 0.0000
2.8772 0.0000
2.8782 0.0000
2.8792 0.0000
2.8802 0.0000
2.8812 0.0000
2.8822 0.0000
2.8832 0.0000
2.8842 0.0000
2.8852 0.0000
2.8862 0.0000
2.8872 0.0000
2.8882 0.0000
2.8892 0.0000
2.8902 0.0000
2.8912 0.0000
2.8922 0.0000
2.8932 0.0000
2.8942 0.0000
2.8952 0.0000
2.8962 0.0000
2.8972 0.0000
2.8982 0.0000
2.8992 0.0000
2.9002 0.0000
2.9012 0.0000
2.9022 0.0000
2.9032 0.0000
2.9042 0.0000
2.9052 0.0000
2.9062 0.0000
2.9072 0.0000
2.9082 0.0000
2.9092 0.0000
2.9102 0.0000
2.9112 0.0000
2.9122 0.0000
2.9132 0.0000
2.9142 0.0000
2.9152 0.0000
2.9162 0.0000
2.9172 0.0000
2.9182 0.0000
2.9192 0.0000
2.9202 0.0000
2.9212 0.0000
2.9222 0.0000
2.9232 0.0000
2.9242 0.0000
2.9252 0.0000
2.9262 0.0000
2.9272 0.0000
2.9282 0.0000
2.9292 0.0000
2.9302 0.0000
2.9312 0.0000
2.9322 0.0000
2.9332 0.0000
2.9342 0.0000
2.9352 0.0000
2.9362 0.0000
2.9372 0.0000
2.9382 0.0000
2.9392 0.0000
2.9402 0.0000
2.9412 0.0000
2.9422 0.0000
2.9432 0.0000
2.9442 0.0000
2.9452 0.0000
2.9462 0.0000
2.9472 0.0000
2.9482 0.0000
2.9492 0.0000
2.9502 0.0000
2.9512 0.0000
2.9522 0.0000
2.9532 0.0000
2.9542 0.0000
2.9552 0.0000
2.9562 0.0000
2.9572 0.0000
2.9582 0.0000
2.9592 0.0000
2.9602 0.0000
2.9612 0.0000
2.9622 0.0000
2.9632 0.0000
2.9642 0.0000
2.9652 0.0000
2.9662 0.0000
2.9672 0.0000
2.9682 0.0000
2.9692 0.0000
2.9702 0.0000
2.9712 0.0000
2.9722 0.0000
2.9732 0.0000
2.9742 0.0000
2.9752 0.0000
2.9762 0.0000
2.9772 0.0000
2.9782 0.0000
2.9792 0.0000
2.9802 0.0000
2.9812 0.0000
2.9822 0.0000
2.9832 0.0000
2.9842 0.0000
2.9852 0.0000
2.9862 0.0000
2.9872 0.0000
2.9882 0.0000
2.9892 0.0000
2.9902 0.0000
2.9912 0.0000
2.9922 0.0000
2.9932 0.0000
2.9942 0.0000
2.9952 0.0000
2.9962 0.0000
2.9972 0.0000
2.9982 0.0000
2.9992 0.0000
3.0003 0.0000
3.0013 0.0000
3.0023 0.0000
3.0033 0.0000
3.0043 0.0000
3.0053 0.0000
3.0063 0.0000
3.0073 0.0000
3.0083 0.0000
3.0093 0.0000
3.0103 0.0000
3.0113 0.0000
3.0123 0.0000
3.0133 0.0000
3.0143 0.0000
3.0153 0.0000
3.0163 0.0000
3.0173 0.0000
3.0183 0.0000
3.0193 0.0000
3.0203 0.0000
3.0213 0.0000
3.0223 0.0000
3.0233 0.0000
3.0243 0.0000
3.0253 0.0000
3.0263 0.0000
3.0273 0.0000
3.0283 0.0000
3.0293 0.0000
3.0303 0.0000
3.0313 0.0000
3.0323 0.0000
3.0333 0.0000
3.0343 0.0000
3.0353 0.0000
3.0363 0.0000
3.0373 0.0000
3.0383 0.0000
3.0393 0.0000
3.0403 0.0000
3.0413 0.0000
3.0423 0.0000
3.0433 0.0000
3.0443 0.0000
3.0453 0.0000
3.0463 0.0000
3.0473 0.0000
3.0483 0.0000
3.0493 0.0000
3.0503 0.0000
3.0513 0.0000
3.0523 0.0000
3.0533 0.0000
3.0543 0.0000
3.0553 0.0000
3.0563 0.0000
3.0573 0.0000
3.0583 0.0000
3.0593 0.0000
3.0603 0.0000
3.0613 0.0000
3.0623 0.0000
3.0633 0.0000
3.0643 0.0000
3.0653 0.0000
3.0663 0.0000
3.0673 0.0000
3.0683 0.0000
3.0693 0.0000
3.0703 0.0000
3.0713 0.0000
3.0723 0.0000
3.0733 0.0000
3.0743 0.0000
3.0753 0.0000
3.0763 0.0000
3.0773 0.0000
3.0783 0.0000
3.0793 0.0000
3.0803 0.0000
3.0813 0.0000
3.0823 0.0000
3.0833 0.0000
3.0843 0.0000
3.0853 0.0000
3.0863 0.0000
3.0873 0.0000
3.0883 0.0000
3.0893 0.0000
3.0903 0.0000
3.0913 0.0000
3.0923 0.0000
3.0933 0.0000
3.0943 0.0000
3.0953 0.0000
3.0963 0.0000
3.0973 0.0000
3.0983 0.0000
3.0993 0.0000
3.1003 0.0000
3.1013 0.0000
3.1023 0.0000
3.1033 0.0000
3.1043 0.0000
3.1053 0.0000
3.1063 0.0000
3.1073 0.0000
3.1083 0.0000
3.1093 0.0000
3.1103 0.0000
3.1113 0.0000
3.1123 0.0000
3.1133 0.0000
3.1143 0.0000
3.1153 0.0000
3.1163 0.0000
3.1173 0.0000
3.1183 0.0000
3.1193 0.0000
3.1203 0.0000
3.1213 0.0000
3.1223 0.0000
3.1233 0.0000
3.1243 0.0000
3.1253 0.0000
3.1263 0.0000
3.1273 0.0000
3.1283 0.0000
3.1293 0.0000
3.1303 0.0000
3.1313 0.0000
3.1323 0.0000
3.1333 0.0000
3.1343 0.0000
3.1353 0.0000
3.1363 0.0000
3.1373 0.0000
3.1383 0.0000
3.1393 0.0000
3.1403 0.0000
3.1413 0.0000
3.1423 0.0000
3.1433 0.0000
3.1443 0.0000
3.1453 0.0000
3.1463 0.0000
3.1473 0.0000
3.1483 0.0000
3.1493 0.0000
3.1503 0.0000
3.1513 0.0000
3.1523 0.0000
3.1533 0.0000
3.1543 0.0000
3.1553 0.0000
3.1563 0.0000
3.1573 0.0000
3.1583 0.0000
3.1593 0.0000
3.1603 0.0000
3.1613 0.0000
3.1623 0.0000
3.1633 0.0000
3.1643 0.0000
3.1653 0.0000
3.1663 0.0000
3.1673 0.0000
3.1683 0.0000
3.1693 0.0000
3.1703 0.0000
3.1713 0.0000
3.1723 0.0000
3.1733 0.0000
3.1743 0.0000
3.1753 0.0000
3.1763 0.0000
3.1773 0.0000
3.1783 0.0000
3.1793 0.0000
3.1803 0.0000
3.1813 0.0000
3.1823 0.0000
3.1833 0.0000
3.1843 0.0000
3.1853 0.0000
3.1863 0.0000
3.1873 0.0000
3.1883 0.0000
3.1893 0.0000
3.1903 0.0000
3.1913 0.0000
3.1923 0.0000
3.1933 0.0000
3.1943 0.0000
3.1953 0.0000
3.1963 0.0000
3.1973 0.0000
3.1983 0.0000
3.1993 0.0000
3.2003 0.0000
3.2013 0.0000
3.2023 0.0000
3.2033 0.0000
3.2043 0.0000
3.2053 0.0000
3.2063 0.0000
3.2073 0.0000
3.2083 0.0000
3.2093 0.0000
3.2103 0.0000
3.2113 0.0000
3.2123 0.0000
3.2133 0.0000
3.2143 0.0000
3.2153 0.0000
3.2163 0.0000
3.2173 0.0000
3.2183 0.0000
3.2193 0.0000
3.2203 0.0000
3.2213 0.0000
3.2223 0.0000
3.2233 0.0000
3.2243 0.0000
3.2253 0.0000
3.2263 0.0000
3.2273 0.0000
3.2283 0.0000
3.2293 0.0000
3.2303 0.0000
3.2313 0.0000
3.2323 0.0000
3.2333 0.0000
3.2343 0.0000
3.2353 0.0000
3.2363 0.0000
3.2373 0.0000
3.2383 0.0000
3.2393 0.0000
3.2403 0.0000
3.2413 0.0000
3.2423 0.0000
3.2433 0.0000
3.2443 0.0000
3.2453 0.0000
3.2463 0.0000
3.2473 0.0000
3.2483 0.0000
3.2493 0.0000
3.2503 0.0000
3.2513 0.0000
3.2523 0.0000
3.2533 0.0000
3.2543 0.0000
3.2553 0.0000
3.2563 0.0000
3.2573 0.0000
3.2583 0.0000
3.2593 0.0000
3.2603 0.0000
3.2613 0.0000
3.2623 0.0000
3.2633 0.0000
3.2643 0.0000
3.2653 0.0000
3.2663 0.0000
3.2673 0.0000
3.2683 0.0000
3.2693 0.0000
3.2703 0.0000
3.2713 0.0001
3.2723 0.0001
3.2733 0.0001
3.2743 0.0001
3.2753 0.0001
3.2763 0.0001
3.2773 0.0001
3.2783 0.0001
3.2793 0.0001
3.2803 0.0001
3.2813 0.0001
3.2823 0.0001
3.2833 0.0001
3.2843 0.0001
3.2853 0.0001
3.2863 0.0001
3.2873 0.0001
3.2883 0.0001
3.2893 0.0001
3.2903 0.0002
3.2913 0.0002
3.2923 0.0002
3.2933 0.0002
3.2943 0.0002
3.2953 0.0002
3.2963 0.0002
3.2973 0.0002
3.2983 0.0002
3.2993 0.0002
3.3003 0.0003
3.3013 0.0003
3.3023 0.0003
3.3033 0.0003
3.3043 0.0003
3.3053 0.0003
3.3063 0.0004
3.3073 0.0004
3.3083 0.0004
3.3093 0.0004
3.3103 0.0004
3.3113 0.0005
3.3123 0.0005
3.3133 0.0005
3.3143 0.0005
3.3153 0.0006
3.3163 0.0006
3.3173 0.0006
3.3183 0.0007
3.3193 0.0007
3.3203 0.0007
3.3213 0.0008
3.3223 0.0008
3.3233 0.0009
3.3243 0.0009
3.3253 0.0010
3.3263 0.0010
3.3273 0.0011
3.3283 0.0011
3.3293 0.0012
3.3303 0.0012
3.3313 0.0013
3.3323 0.0014
3.3333 0.0014
3.3343 0.0015
3.3353 0.0016
3.3363 0.0016
3.3373 0.0017
3.3383 0.0018
3.3393 0.0019
3.3403 0.0020
3.3413 0.0021
3.3423 0.0022
3.3433 0.0023
3.3443 0.0024
3.3453 0.0025
3.3463 0.0027
3.3473 0.0028
3.3483 0.0029
3.3493 0.0031
3.3503 0.0032
3.3513 0.0034
3.3523 0.0035
3.3533 0.0037
3.3543 0.0039
3.3553 0.0040
3.3563 0.0042
3.3573 0.0044
3.3583 0.0046
3.3593 0.0049
3.3603 0.0051
3.3613 0.0053
3.3623 0.0056
3.3633 0.0058
3.3643 0.0061
3.3653 0.0064
3.3663 0.0067
3.3673 0.0070
3.3683 0.0073
3.3693 0.0076
3.3703 0.0079
3.3713 0.0083
3.3723 0.0087
3.3733 0.0091
3.3743 0.0095
3.3753 0.0099
3.3763 0.0103
3.3773 0.0108
3.3783 0.0112
3.3793 0.0117
3.3803 0.0122
3.3813 0.0128
3.3823 0.0133
3.3833 0.0139
3.3843 0.0145
3.3853 0.0151
3.3863 0.0158
3.3873 0.0164
3.3883 0.0171
3.3893 0.0178
3.3903 0.0186
3.3913 0.0194
3.3923 0.0202
3.3933 0.0210
3.3943 0.0219
3.3953 0.0228
3.3963 0.0237
3.3973 0.0247
3.3983 0.0257
3.3993 0.0268
3.4004 0.0278
3.4014 0.0290
3.4024 0.0301
3.4034 0.0313
3.4044 0.0326
3.4054 0.0339
3.4064 0.0353
3.4074 0.0366
3.4084 0.0381
3.4094 0.0396
3.4104 0.0411
3.4114 0.0427
3.4124 0.0444
3.4134 0.0461
3.4144 0.0479
3.4154 0.0497
3.4164 0.0517
3.4174 0.0536
3.4184 0.0557
3.4194 0.0578
3.4204 0.0599
3.4214 0.0622
3.4224 0.0645
3.4234 0.0669
3.4244 0.0694
3.4254 0.0720
3.4264 0.0746
3.4274 0.0774
3.4284 0.0802
3.4294 0.0831
3.4304 0.0862
3.4314 0.0893
3.4324 0.0925
3.4334 0.0958
3.4344 0.0992
3.4354 0.1027
3.4364 0.1064
3.4374 0.1101
3.4384 0.1140
3.4394 0.1180
3.4404 0.1221
3.4414 0.1263
3.4424 0.1307
3.4434 0.1352
3.4444 0.1398
3.4454 0.1446
3.4464 0.1495
3.4474 0.1546
3.4484 0.1598
3.4494 0.1652
3.4504 0.1707
3.4514 0.1764
3.4524 0.1822
3.4534 0.1882
3.4544 0.1944
3.4554 0.2008
3.4564 0.2073
3.4574 0.2140
3.4584 0.2209
3.4594 0.2280
3.4604 0.2353
3.4614 0.2428
3.4624 0.2505
3.4634 0.2584
3.4644 0.2665
3.4654 0.2749
3.4664 0.2834
3.4674 0.2922
3.4684 0.3012
3.4694 0.3105
3.4704 0.3200
3.4714 0.3297
3.4724 0.3397
3.4734 0.3499
3.4744 0.3604
3.4754 0.3712
3.4764 0.3822
3.4774 0.3935
3.4784 0.4051
3.4794 0.4170
3.4804 0.4291
3.4814 0.4416
3.4824 0.4543
3.4834 0.4674
3.4844 0.4807
3.4854 0.4944
3.4864 0.5084
3.4874 0.5227
3.4884 0.5373
3.4894 0.5523
3.4904 0.5676
3.4914 0.5833
3.4924 0.5993
3.4934 0.6156
3.4944 0.6323
3.4954 0.6494
3.4964 0.6669
3.4974 0.6847
3.4984 0.7029
3.4994 0.7215
3.5004 0.7405
3.5014 0.7599
3.5024 0.7796
3.5034 0.7998
3.5044 0.8204
3.5054 0.8414
3.5064 0.8628
3.5074 0.8847
3.5084 0.9070
3.5094 0.9297
3.5104 0.9528
3.5114 0.9764
3.5124 1.0004
3.5134 1.0249
3.5144 1.0499
3.5154 1.0753
3.5164 1.1011
3.5174 1.1274
3.5184 1.1542
3.5194 1.1815
3.5204 1.2093
3.5214 1.2375
3.5224 1.2662
3.5234 1.2954
3.5244 1.3251
3.5254 1.3553
3.5264 1.3860
3.5274 1.4172
3.5284 1.4489
3.5294 1.4811
3.5304 1.5138
3.5314 1.5470
3.5324 1.5807
3.5334 1.6150
3.5344 1.6497
3.5354 1.6850
3.5364 1.7208
3.5374 1.7571
3.5384 1.7940
3.5394 1.8313
3.5404 1.8692
3.5414 1.9076
3.5424 1.9465
3.5434 1.9860
3.5444 2.0259
3.5454 2.0664
3.5464 2.1074
3.5474 2.1490
3.5484 2.1910
3.5494 2.2336
3.5504 2.2767
3.5514 2.3203
3.5524 2.3644
3.5534 2.4090
3.5544 2.4541
3.5554 2.4998
3.5564 2.5459
3.5574 2.5925
3.5584 2.6397
3.5594 2.6873
3.5604 2.7354
3.5614 2.7840
3.5624 2.8330
3.5634 2.8826
3.5644 2.9326
3.5654 2.9831
3.5664 3.0340
3.5674 3.0854
3.5684 3.1372
3.5694 3.1895
3.5704 3.2421
3.5714 3.2953
3.5724 3.3488
3.5734 3.4027
3.5744 3.4571
3.5754 3.5118
3.5764 3.5669
3.5774 3.6224
3.5784 3.6783
3.5794 3.7345
3.5804 3.7911
3.5814 3.8480
3.5824 3.9052
3.5834 3.9628
3.5844 4.0206
3.5854 4.0788
3.5864 4.1372
3.5874 4.1959
3.5884 4.2549
3.5894 4.3141
3.5904 4.3736
3.5914 4.4333
3.5924 4.4932
3.5934 4.5533
3.5944 4.6136
3.5954 4.6740
3.5964 4.7346
3.5974 4.7954
3.5984 4.8563
3.5994 4.9173
3.6004 4.9785
3.6014 5.0397
3.6024 5.1010
3.6034 5.1623
3.6044 5.2237
3.6054 5.2851
3.6064 5.3466
3.6074 5.4080
3.6084 5.4694
3.6094 5.5308
3.6104 5.5921
3.6114 5.6534
3.6124 5.7146
3.6134 5.7757
3.6144 5.8367
3.6154 5.8975
3.6164 5.9582
3.6174 6.0188
3.6184 6.0791
3.6194 6.1393
3.6204 6.1992
3.6214 6.2590
3.6224 6.3184
3.6234 6.3776
3.6244 6.4366
3.6254 6.4952
3.6264 6.5535
3.6274 6.6115
3.6284 6.6691
3.6294 6.7264
3.6304 6.7833
3.6314 6.8398
3.6324 6.8959
3.6334 6.9515
3.6344 7.0067
3.6354 7.0615
3.6364 7.1157
3.6374 7.1695
3.6384 7.2228
3.6394 7.2755
3.6404 7.3277
3.6414 7.3793
3.6424 7.4304
3.6434 7.4808
3.6444 7.5307
3.6454 7.5799
3.6464 7.6286
3.6474 7.6765
3.6484 7.7238
3.6494 7.7705
3.6504 7.8164
3.6514 7.8617
3.6524 7.9062
3.6534 7.9500
3.6544 7.9931
3.6554 8.0354
3.6564 8.0770
3.6574 8.1178
3.6584 8.1578
3.6594 8.1970
3.6604 8.2354
3.6614 8.2730
3.6624 8.3098
3.6634 8.3457
3.6644 8.3808
3.6654 8.4151
3.6664 8.4484
3.6674 8.4809
3.6684 8.5126
3.6694 8.5433
3.6704 8.5732
3.6714 8.6021
3.6724 8.6302
3.6734 8.6574
3.6744 8.6836
3.6754 8.7089
3.6764 8.7333
3.6774 8.7568
3.6784 8.7793
3.6794 8.8010
3.6804 8.8216
3.6814 8.8414
3.6824 8.8602
3.6834 8.8780
3.6844 8.8950
3.6854 8.9109
3.6864 8.9260
3.6874 8.9401
3.6884 8.9532
3.6894 8.9654
3.6904 8.9767
3.6914 8.9870
3.6924 8.9965
3.6934 9.0049
3.6944 9.0125
3.6954 9.0191
3.6964 9.0248
3.6974 9.0296
3.6984 9.0335
3.6994 9.0365
3.7004 9.0385
3.7014 9.0397
3.7024 9.0400
3.7034 9.0394
3.7044 9.0380
3.7054 9.0357
3.7064 9.0325
3.7074 9.0285
3.7084 9.0236
3.7094 9.0179
3.7104 9.0114
3.7114 9.0041
3.7124 8.9959
3.7134 8.9870
3.7144 8.9773
3.7154 8.9668
3.7164 8.9556
3.7174 8.9436
3.7184 8.9309
3.7194 8.9175
3.7204 8.9033
3.7214 8.8885
3.7224 8.8729
3.7234 8.8567
3.7244 8.8399
3.7254 8.8223
3.7264 8.8042
3.7274 8.7854
3.7284 8.7660
3.7294 8.7461
3.7304 8.7255
3.7314 8.7044
3.7324 8.6827
3.7334 8.6605
3.7344 8.6378
3.7354 8.6146
3.7364 8.5909
3.7374 8.5667
3.7384 8.5420
3.7394 8.5169
3.7404 8.4914
3.7414 8.4654
3.7424 8.4391
3.7434 8.4123
3.7444 8.3852
3.7454 8.3577
3.7464 8.3299
3.7474 8.3018
3.7484 8.2733
3.7494 8.2446
3.7504 8.2155
3.7514 8.1862
3.7524 8.1567
3.7534 8.1269
3.7544 8.0969
3.7554 8.0667
3.7564 8.0363
3.7574 8.0057
3.7584 7.9749
3.7594 7.9440
3.7604 7.9130
3.7614 7.8818
3.7624 7.8505
3.7634 7.8191
3.7644 7.7876
3.7654 7.7561
3.7664 7.7245
3.7674 7.6928
3.7684 7.6611
3.7694 7.6294
3.7704 7.5977
3.7714 7.5659
3.7724 7.5342
3.7734 7.5025
3.7744 7.4709
3.7754 7.4393
3.7764 7.4077
3.7774 7.3762
3.7784 7.3448
3.7794 7.3134
3.7804 7.2822
3.7814 7.2510
3.7824 7.2200
3.7834 7.1891
3.7844 7.1583
3.7854 7.1276
3.7864 7.0971
3.7874 7.0667
3.7884 7.0365
3.7894 7.0065
3.7904 6.9766
3.7914 6.9469
3.7924 6.9174
3.7934 6.8881
3.7944 6.8589
3.7954 6.8300
3.7964 6.8013
3.7974 6.7727
3.7984 6.7444
3.7994 6.7163
3.8005 6.6884
3.8015 6.6608
3.8025 6.6333
3.8035 6.6061
3.8045 6.5791
3.8055 6.5524
3.8065 6.5259
3.8075 6.4996
3.8085 6.4735
3.8095 6.4477
3.8105 6.4222
3.8115 6.3968
3.8125 6.3718
3.8135 6.3469
3.8145 6.3223
3.8155 6.2979
3.8165 6.2738
3.8175 6.2499
3.8185 6.2262
3.8195 6.2028
3.8205 6.1796
3.8215 6.1566
3.8225 6.1339
3.8235 6.1114
3.8245 6.0891
3.8255 6.0671
3.8265 6.0452
3.8275 6.0236
3.8285 6.0022
3.8295 5.9810
3.8305 5.9600
3.8315 5.9392
3.8325 5.9186
3.8335 5.8982
3.8345 5.8780
3.8355 5.8580
3.8365 5.8382
3.8375 5.8185
3.8385 5.7991
3.8395 5.7797
3.8405 5.7606
3.8415 5.7416
3.8425 5.7228
3.8435 5.7041
3.8445 5.6856
3.8455 5.6672
3.8465 5.6490
3.8475 5.6309
3.8485 5.6129
3.8495 5.5950
3.8505 5.5773
3.8515 5.5596
3.8525 5.5421
3.8535 5.5247
3.8545 5.5073
3.8555 5.4901
3.8565 5.4729
3.8575 5.4559
3.8585 5.4388
3.8595 5.4219
3.8605 5.4050
3.8615 5.3882
3.8625 5.3715
3.8635 5.3548
3.8645 5.3381
3.8655 5.3215
3.8665 5.3049
3.8675 5.2883
3.8685 5.2718
3.8695 5.2553
3.8705 5.2388
3.8715 5.2223
3.8725 5.2058
3.8735 5.1894
3.8745 5.1729
3.8755 5.1564
3.8765 5.1399
3.8775 5.1234
3.8785 5.1069
3.8795 5.0904
3.8805 5.0738
3.8815 5.0573
3.8825 5.0406
3.8835 5.0240
3.8845 5.0073
3.8855 4.9906
3.8865 4.9738
3.8875 4.9570
3.8885 4.9402
3.8895 4.9233
3.8905 4.9063
3.8915 4.8893
3.8925 4.8723
3.8935 4.8552
3.8945 4.8380
3.8955 4.8208
3.8965 4.8035
3.8975 4.7861
3.8985 4.7687
3.8995 4.7513
3.9005 4.7337
3.9015 4.7161
3.9025 4.6984
3.9035 4.6807
3.9045 4.6629
3.9055 4.6450
3.9065 4.6271
3.9075 4.6091
3.9085 4.5910
3.9095 4.5729
3.9105 4.5547
3.9115 4.5365
3.9125 4.5182
3.9135 4.4998
3.9145 4.4814
3.9155 4.4629
3.9165 4.4444
3.9175 4.4258
3.9185 4.4072
3.9195 4.3885
3.9205 4.3697
3.9215 4.3510
3.9225 4.3321
3.9235 4.3133
3.9245 4.2944
3.9255 4.2755
3.9265 4.2565
3.9275 4.2375
3.9285 4.2185
3.9295 4.1995
3.9305 4.1804
3.9315 4.1614
3.9325 4.1423
3.9335 4.1232
3.9345 4.1041
3.9355 4.0851
3.9365 4.0660
3.9375 4.0469
3.9385 4.0279
3.9395 4.0088
3.9405 3.9898
3.9415 3.9708
3.9425 3.9519
3.9435 3.9329
3.9445 3.9141
3.9455 3.8952
3.9465 3.8764
3.9475 3.8577
3.9485 3.8390
3.9495 3.8204
3.9505 3.8019
3.9515 3.7834
3.9525 3.7650
3.9535 3.7467
3.9545 3.7285
3.9555 3.7104
3.9565 3.6924
3.9575 3.6745
3.9585 3.6567
3.9595 3.6390
3.9605 3.6214
3.9615 3.6040
3.9625 3.5867
3.9635 3.5695
3.9645 3.5525
3.9655 3.5356
3.9665 3.5189
3.9675 3.5024
3.9685 3.4860
3.9695 3.4698
3.9705 3.4537
3.9715 3.4378
3.9725 3.4222
3.9735 3.4067
3.9745 3.3914
3.9755 3.3763
3.9765 3.3614
3.9775 3.3467
3.9785 3.3323
3.9795 3.3181
3.9805 3.3041
3.9815 3.2903
3.9825 3.2768
3.9835 3.2635
3.9845 3.2505
3.9855 3.2377
3.9865 3.2252
3.9875 3.2130
3.9885 3.2010
3.9895 3.1893
3.9905 3.1779
3.9915 3.1667
3.9925 3.1559
3.9935 3.1454
3.9945 3.1351
3.9955 3.1252
3.9965 3.1155
3.9975 3.1062
3.9985 3.0972
3.9995 3.0885
4.0005 3.0802
4.0015 3.0721
4.0025 3.0645
4.0035 3.0571
4.0045 3.0501
4.0055 3.0435
4.0065 3.0372
4.0075 3.0312
4.0085 3.0256
4.0095 3.0204
4.0105 3.0156
4.0115 3.0111
4.0125 3.0070
4.0135 3.0032
4.0145 2.9999
4.0155 2.9969
4.0165 2.9944
4.0175 2.9922
4.0185 2.9904
4.0195 2.9890
4.0205 2.9881
4.0215 2.9875
4.0225 2.9873
4.0235 2.9876
4.0245 2.9882
4.0255 2.9893
4.0265 2.9908
4.0275 2.9928
4.0285 2.9951
4.0295 2.9979
4.0305 3.0011
4.0315 3.0048
4.0325 3.0088
4.0335 3.0133
4.0345 3.0183
4.0355 3.0237
4.0365 3.0295
4.0375 3.0358
4.0385 3.0426
4.0395 3.0498
4.0405 3.0574
4.0415 3.0655
4.0425 3.0740
4.0435 3.0830
4.0445 3.0925
4.0455 3.1024
4.0465 3.1128
4.0475 3.1236
4.0485 3.1349
4.0495 3.1466
4.0505 3.1589
4.0515 3.1715
4.0525 3.1847
4.0535 3.1983
4.0545 3.2124
4.0555 3.2269
4.0565 3.2419
4.0575 3.2574
4.0585 3.2734
4.0595 3.2898
4.0605 3.3067
4.0615 3.3240
4.0625 3.3418
4.0635 3.3601
4.0645 3.3789
4.0655 3.3981
4.0665 3.4177
4.0675 3.4379
4.0685 3.4585
4.0695 3.4795
4.0705 3.5011
4.0715 3.5231
4.0725 3.5455
4.0735 3.5684
4.0745 3.5918
4.0755 3.6156
4.0765 3.6398
4.0775 3.6645
4.0785 3.6897
4.0795 3.7153
4.0805 3.7414
4.0815 3.7678
4.0825 3.7948
4.0835 3.8221
4.0845 3.8499
4.0855 3.8782
4.0865 3.9068
4.0875 3.9359
4.0885 3.9654
4.0895 3.9954
4.0905 4.0257
4.0915 4.0565
4.0925 4.0876
4.0935 4.1192
4.0945 4.1511
4.0955 4.1835
4.0965 4.2162
4.0975 4.2494
4.0985 4.2829
4.0995 4.3168
4.1005 4.3511
4.1015 4.3857
4.1025 4.4207
4.1035 4.4561
4.1045 4.4918
4.1055 4.5278
4.1065 4.5642
4.1075 4.6010
4.1085 4.6380
4.1095 4.6754
4.1105 4.7131
4.1115 4.7511
4.1125 4.7895
4.1135 4.8281
4.1145 4.8670
4.1155 4.9062
4.1165 4.9456
4.1175 4.9854
4.1185 5.0253
4.1195 5.0656
4.1205 5.1061
4.1215 5.1468
4.1225 5.1878
4.1235 5.2290
4.1245 5.2704
4.1255 5.3120
4.1265 5.3538
4.1275 5.3958
4.1285 5.4379
4.1295 5.4803
4.1305 5.5228
4.1315 5.5654
4.1325 5.6082
4.1335 5.6512
4.1345 5.6942
4.1355 5.7374
4.1365 5.7807
4.1375 5.8241
4.1385 5.8675
4.1395 5.9111
4.1405 5.9547
4.1415 5.9983
4.1425 6.0421
4.1435 6.0858
4.1445 6.1296
4.1455 6.1733
4.1465 6.2171
4.1475 6.2609
4.1485 6.3047
4.1495 6.3484
4.1505 6.3921
4.1515 6.4357
4.1525 6.4793
4.1535 6.5228
4.1545 6.5662
4.1555 6.6096
4.1565 6.6528
4.1575 6.6959
4.1585 6.7389
4.1595 6.7817
4.1605 6.8244
4.1615 6.8669
4.1625 6.9092
4.1635 6.9514
4.1645 6.9934
4.1655 7.0351
4.1665 7.0767
4.1675 7.1180
4.1685 7.1590
4.1695 7.1999
4.1705 7.2404
4.1715 7.2807
4.1725 7.3207
4.1735 7.3603
4.1745 7.3997
4.1755 7.4388
4.1765 7.4775
4.1775 7.5159
4.1785 7.5539
4.1795 7.5916
4.1805 7.6289
4.1815 7.6659
4.1825 7.7024
4.1835 7.7385
4.1845 7.7742
4.1855 7.8095
4.1865 7.8443
4.1875 7.8788
4.1885 7.9127
4.1895 7.9462
4.1905 7.9792
4.1915 8.0118
4.1925 8.0438
4.1935 8.0754
4.1945 8.1064
4.1955 8.1369
4.1965 8.1669
4.1975 8.1964
4.1985 8.2253
4.1995 8.2537
4.2006 8.2816
4.2016 8.3088
4.2026 8.3355
4.2036 8.3616
4.2046 8.3872
4.2056 8.4121
4.2066 8.4365
4.2076 8.4602
4.2086 8.4833
4.2096 8.5059
4.2106 8.5278
4.2116 8.5491
4.2126 8.5697
4.2136 8.5897
4.2146 8.6091
4.2156 8.6278
4.2166 8.6459
4.2176 8.6634
4.2186 8.6802
4.2196 8.6963
4.2206 8.7118
4.2216 8.7266
4.2226 8.7407
4.2236 8.7542
4.2246 8.7670
4.2256 8.7792
4.2266 8.7907
4.2276 8.8015
4.2286 8.8116
4.2296 8.8211
4.2306 8.8299
4.2316 8.8380
4.2326 8.8454
4.2336 8.8522
4.2346 8.8583
4.2356 8.8638
4.2366 8.8686
4.2376 8.8727
4.2386 8.8762
4.2396 8.8790
4.2406 8.8811
4.2416 8.8826
4.2426 8.8834
4.2436 8.8836
4.2446 8.8832
4.2456 8.8821
4.2466 8.8804
4.2476 8.8781
4.2486 8.8751
4.2496 8.8715
4.2506 8.8673
4.2516 8.8625
4.2526 8.8571
4.2536 8.8511
4.2546 8.8445
4.2556 8.8373
4.2566 8.8296
4.2576 8.8213
4.2586 8.8124
4.2596 8.8030
4.2606 8.7930
4.2616 8.7825
4.2626 8.7715
4.2636 8.7600
4.2646 8.7479
4.2656 8.7354
4.2666 8.7223
4.2676 8.7088
4.2686 8.6948
4.2696 8.6803
4.2706 8.6654
4.2716 8.6501
4.2726 8.6343
4.2736 8.6181
4.2746 8.6015
4.2756 8.5845
4.2766 8.5671
4.2776 8.5493
4.2786 8.5311
4.2796 8.5126
4.2806 8.4938
4.2816 8.4746
4.2826 8.4551
4.2836 8.4353
4.2846 8.4152
4.2856 8.3948
4.2866 8.3742
4.2876 8.3533
4.2886 8.3321
4.2896 8.3107
4.2906 8.2891
4.2916 8.2673
4.2926 8.2453
4.2936 8.2231
4.2946 8.2007
4.2956 8.1782
4.2966 8.1555
4.2976 8.1327
4.2986 8.1098
4.2996 8.0868
4.3006 8.0636
4.3016 8.0404
4.3026 8.0172
4.3036 7.9939
4.3046 7.9705
4.3056 7.9471
4.3066 7.9237
4.3076 7.9003
4.3086 7.8769
4.3096 7.8535
4.3106 7.8302
4.3116 7.8069
4.3126 7.7837
4.3136 7.7605
4.3146 7.7374
4.3156 7.7145
4.3166 7.6916
4.3176 7.6689
4.3186 7.6463
4.3196 7.6238
4.3206 7.6015
4.3216 7.5794
4.3226 7.5575
4.3236 7.5357
4.3246 7.5142
4.3256 7.4929
4.3266 7.4718
4.3276 7.4510
4.3286 7.4304
4.3296 7.4100
4.3306 7.3900
4.3316 7.3702
4.3326 7.3507
4.3336 7.3316
4.3346 7.3127
4.3356 7.2942
4.3366 7.2760
4.3376 7.2581
4.3386 7.2406
4.3396 7.2235
4.3406 7.2067
4.3416 7.1903
4.3426 7.1743
4.3436 7.1587
4.3446 7.1435
4.3456 7.1288
4.3466 7.1144
4.3476 7.1005
4.3486 7.0870
4.3496 7.0740
4.3506 7.0614
4.3516 7.0493
4.3526 7.0376
4.3536 7.0265
4.3546 7.0158
4.3556 7.0055
4.3566 6.9958
4.3576 6.9866
4.3586 6.9779
4.3596 6.9697
4.3606 6.9620
4.3616 6.9548
4.3626 6.9481
4.3636 6.9420
4.3646 6.9364
4.3656 6.9313
4.3666 6.9268
4.3676 6.9229
4.3686 6.9194
4.3696 6.9166
4.3706 6.9142
4.3716 6.9125
4.3726 6.9112
4.3736 6.9106
4.3746 6.9105
4.3756 6.9110
4.3766 6.9120
4.3776 6.9136
4.3786 6.9158
4.3796 6.9186
4.3806 6.9219
4.3816 6.9258
4.3826 6.9303
4.3836 6.9353
4.3846 6.9409
4.3856 6.9471
4.3866 6.9539
4.3876 6.9612
4.3886 6.9691
4.3896 6.9775
4.3906 6.9866
4.3916 6.9962
4.3926 7.0063
4.3936 7.0171
4.3946 7.0284
4.3956 7.0402
4.3966 7.0526
4.3976 7.0656
4.3986 7.0791
4.3996 7.0932
4.4006 7.1078
4.4016 7.1230
4.4026 7.1386
4.4036 7.1549
4.4046 7.1717
4.4056 7.1890
4.4066 7.2068
4.4076 7.2251
4.4086 7.2440
4.4096 7.2634
4.4106 7.2833
4.4116 7.3037
4.4126 7.3245
4.4136 7.3459
4.4146 7.3678
4.4156 7.3902
4.4166 7.4130
4.4176 7.4363
4.4186 7.4601
4.4196 7.4844
4.4206 7.5091
4.4216 7.5343
4.4226 7.5599
4.4236 7.5859
4.4246 7.6124
4.4256 7.6393
4.4266 7.6667
4.4276 7.6944
4.4286 7.7226
4.4296 7.7512
4.4306 7.7801
4.4316 7.8095
4.4326 7.8393
4.4336 7.8694
4.4346 7.8999
4.4356 7.9307
4.4366 7.9619
4.4376 7.9935
4.4386 8.0254
4.4396 8.0577
4.4406 8.0902
4.4416 8.1231
4.4426 8.1564
4.4436 8.1899
4.4446 8.2237
4.4456 8.2578
4.4466 8.2922
4.4476 8.3269
4.4486 8.3618
4.4496 8.3971
4.4506 8.4325
4.4516 8.4683
4.4526 8.5042
4.4536 8.5404
4.4546 8.5769
4.4556 8.6135
4.4566 8.6504
4.4576 8.6874
4.4586 8.7247
4.4596 8.7622
4.4606 8.7998
4.4616 8.8376
4.4626 8.8756
4.4636 8.9137
4.4646 8.9520
4.4656 8.9905
4.4666 9.0291
4.4676 9.0678
4.4686 9.1066
4.4696 9.1455
4.4706 9.1846
4.4716 9.2238
4.4726 9.2630
4.4736 9.3023
4.4746 9.3418
4.4756 9.3813
4.4766 9.4208
4.4776 9.4604
4.4786 9.5001
4.4796 9.5398
4.4806 9.5795
4.4816 9.6193
4.4826 9.6591
4.4836 9.6989
4.4846 9.7387
4.4856 9.7785
4.4866 9.8183
4.4876 9.8581
4.4886 9.8978
4.4896 9.9376
4.4906 9.9773
4.4916 10.0169
4.4926 10.0565
4.4936 10.0961
4.4946 10.1356
4.4956 10.1750
4.4966 10.2144
4.4976 10.2536
4.4986 10.2928
4.4996 10.3319
4.5006 10.3708
4.5016 10.4097
4.5026 10.4484
4.5036 10.4871
4.5046 10.5256
4.5056 10.5639
4.5066 10.6021
4.5076 10.6402
4.5086 10.6781
4.5096 10.7159
4.5106 10.7534
4.5116 10.7908
4.5126 10.8281
4.5136 10.8651
4.5146 10.9019
4.5156 10.9386
4.5166 10.9750
4.5176 11.0112
4.5186 11.0473
4.5196 11.0830
4.5206 11.1186
4.5216 11.1539
4.5226 11.1890
4.5236 11.2238
4.5246 11.2584
4.5256 11.2927
4.5266 11.3267
4.5276 11.3605
4.5286 11.3940
4.5296 11.4272
4.5306 11.4602
4.5316 11.4928
4.5326 11.5251
4.5336 11.5572
4.5346 11.5889
4.5356 11.6203
4.5366 11.6514
4.5376 11.6821
4.5386 11.7126
4.5396 11.7426
4.5406 11.7724
4.5416 11.8018
4.5426 11.8308
4.5436 11.8595
4.5446 11.8878
4.5456 11.9158
4.5466 11.9433
4.5476 11.9705
4.5486 11.9973
4.5496 12.0238
4.5506 12.0498
4.5516 12.0754
4.5526 12.1007
4.5536 12.1255
4.5546 12.1499
4.5556 12.1739
4.5566 12.1975
4.5576 12.2206
4.5586 12.2433
4.5596 12.2656
4.5606 12.2875
4.5616 12.3089
4.5626 12.3298
4.5636 12.3503
4.5646 12.3704
4.5656 12.3900
4.5666 12.4091
4.5676 12.4278
4.5686 12.4460
4.5696 12.4637
4.5706 12.4809
4.5716 12.4977
4.5726 12.5140
4.5736 12.5298
4.5746 12.5451
4.5756 12.5599
4.5766 12.5742
4.5776 12.5880
4.5786 12.6013
4.5796 12.6141
4.5806 12.6264
4.5816 12.6382
4.5826 12.6495
4.5836 12.6603
4.5846 12.6705
4.5856 12.6802
4.5866 12.6894
4.5876 12.6981
4.5886 12.7063
4.5896 12.7139
4.5906 12.7210
4.5916 12.7275
4.5926 12.7335
4.5936 12.7390
4.5946 12.7440
4.5956 12.7484
4.5966 12.7523
4.5976 12.7556
4.5986 12.7584
4.5996 12.7607
4.6007 12.7624
4.6017 12.7635
4.6027 12.7642
4.6037 12.7642
4.6047 12.7638
4.6057 12.7627
4.6067 12.7612
4.6077 12.7591
4.6087 12.7564
4.6097 12.7532
4.6107 12.7495
4.6117 12.7452
4.6127 12.7404
4.6137 12.7350
4.6147 12.7291
4.6157 12.7226
4.6167 12.7156
4.6177 12.7081
4.6187 12.7000
4.6197 12.6914
4.6207 12.6823
4.6217 12.6726
4.6227 12.6624
4.6237 12.6516
4.6247 12.6403
4.6257 12.6285
4.6267 12.6162
4.6277 12.6034
4.6287 12.5900
4.6297 12.5761
4.6307 12.5617
4.6317 12.5468
4.6327 12.5314
4.6337 12.5154
4.6347 12.4990
4.6357 12.4820
4.6367 12.4646
4.6377 12.4467
4.6387 12.4283
4.6397 12.4093
4.6407 12.3899
4.6417 12.3701
4.6427 12.3497
4.6437 12.3289
4.6447 12.3076
4.6457 12.2858
4.6467 12.2636
4.6477 12.2409
4.6487 12.2178
4.6497 12.1942
4.6507 12.1702
4.6517 12.1457
4.6527 12.1208
4.6537 12.0955
4.6547 12.0698
4.6557 12.0436
4.6567 12.0170
4.6577 11.9900
4.6587 11.9626
4.6597 11.9348
4.6607 11.9066
4.6617 11.8781
4.6627 11.8491
4.6637 11.8198
4.6647 11.7901
4.6657 11.7600
4.6667 11.7295
4.6677 11.6988
4.6687 11.6676
4.6697 11.6361
4.6707 11.6043
4.6717 11.5722
4.6727 11.5397
4.6737 11.5069
4.6747 11.4738
4.6757 11.4404
4.6767 11.4066
4.6777 11.3726
4.6787 11.3383
4.6797 11.3037
4.6807 11.2689
4.6817 11.2338
4.6827 11.1984
4.6837 11.1627
4.6847 11.1268
4.6857 11.0907
4.6867 11.0543
4.6877 11.0177
4.6887 10.9809
4.6897 10.9438
4.6907 10.9066
4.6917 10.8691
4.6927 10.8314
4.6937 10.7936
4.6947 10.7556
4.6957 10.7173
4.6967 10.6790
4.6977 10.6404
4.6987 10.6017
4.6997 10.5629
4.7007 10.5238
4.7017 10.4847
4.7027 10.4454
4.7037 10.4060
4.7047 10.3665
4.7057 10.3269
4.7067 10.2872
4.7077 10.2473
4.7087 10.2074
4.7097 10.1674
4.7107 10.1273
4.7117 10.0871
4.7127 10.0469
4.7137 10.0066
4.7147 9.9662
4.7157 9.9258
4.7167 9.8854
4.7177 9.8449
4.7187 9.8044
4.7197 9.7639
4.7207 9.7233
4.7217 9.6828
4.7227 9.6422
4.7237 9.6017
4.7247 9.5611
4.7257 9.5206
4.7267 9.4800
4.7277 9.4395
4.7287 9.3990
4.7297 9.3586
4.7307 9.3182
4.7317 9.2778
4.7327 9.2375
4.7337 9.1973
4.7347 9.1571
4.7357 9.1169
4.7367 9.0769
4.7377 9.0369
4.7387 8.9970
4.7397 8.9572
4.7407 8.9175
4.7417 8.8779
4.7427 8.8383
4.7437 8.7989
4.7447 8.7596
4.7457 8.7204
4.7467 8.6814
4.7477 8.6424
4.7487 8.6036
4.7497 8.5649
4.7507 8.5264
4.7517 8.4879
4.7527 8.4497
4.7537 8.4116
4.7547 8.3736
4.7557 8.3358
4.7567 8.2981
4.7577 8.2606
4.7587 8.2233
4.7597 8.1862
4.7607 8.1492
4.7617 8.1124
4.7627 8.0758
4.7637 8.0393
4.7647 8.0031
4.7657 7.9670
4.7667 7.9311
4.7677 7.8955
4.7687 7.8600
4.7697 7.8247
4.7707 7.7896
4.7717 7.7547
4.7727 7.7201
4.7737 7.6856
4.7747 7.6514
4.7757 7.6173
4.7767 7.5835
4.7777 7.5499
4.7787 7.5166
4.7797 7.4834
4.7807 7.4505
4.7817 7.4178
4.7827 7.3853
4.7837 7.3530
4.7847 7.3210
4.7857 7.2892
4.7867 7.2576
4.7877 7.2263
4.7887 7.1952
4.7897 7.1643
4.7907 7.1337
4.7917 7.1033
4.7927 7.0732
4.7937 7.0433
4.7947 7.0136
4.7957 6.9841
4.7967 6.9549
4.7977 6.9260
4.7987 6.8973
4.7997 6.8688
4.8007 6.8406
4.8017 6.8126
4.8027 6.7848
4.8037 6.7573
4.8047 6.7301
4.8057 6.7030
4.8067 6.6762
4.8077 6.6497
4.8087 6.6234
4.8097 6.5973
4.8107 6.5715
4.8117 6.5459
4.8127 6.5206
4.8137 6.4955
4.8147 6.4706
4.8157 6.4460
4.8167 6.4216
4.8177 6.3974
4.8187 6.3735
4.8197 6.3498
4.8207 6.3264
4.8217 6.3031
4.8227 6.2802
4.8237 6.2574
4.8247 6.2349
4.8257 6.2126
4.8267 6.1905
4.8277 6.1686
4.8287 6.1470
4.8297 6.1256
4.8307 6.1044
4.8317 6.0834
4.8327 6.0627
4.8337 6.0422
4.8347 6.0218
4.8357 6.0017
4.8367 5.9819
4.8377 5.9622
4.8387 5.9427
4.8397 5.9235
4.8407 5.9044
4.8417 5.8856
4.8427 5.8669
4.8437 5.8485
4.8447 5.8302
4.8457 5.8122
4.8467 5.7943
4.8477 5.7767
4.8487 5.7592
4.8497 5.7420
4.8507 5.7249
4.8517 5.7080
4.8527 5.6913
4.8537 5.6748
4.8547 5.6584
4.8557 5.6423
4.8567 5.6263
4.8577 5.6105
4.8587 5.5949
4.8597 5.5794
4.8607 5.5641
4.8617 5.5490
4.8627 5.5341
4.8637 5.5193
4.8647 5.5047
4.8657 5.4902
4.8667 5.4759
4.8677 5.4618
4.8687 5.4478
4.8697 5.4340
4.8707 5.4203
4.8717 5.4068
4.8727 5.3935
4.8737 5.3802
4.8747 5.3672
4.8757 5.3542
4.8767 5.3414
4.8777 5.3288
4.8787 5.3163
4.8797 5.3039
4.8807 5.2917
4.8817 5.2796
4.8827 5.2676
4.8837 5.2558
4.8847 5.2441
4.8857 5.2325
4.8867 5.2211
4.8877 5.2098
4.8887 5.1986
4.8897 5.1875
4.8907 5.1765
4.8917 5.1657
4.8927 5.1550
4.8937 5.1444
4.8947 5.1339
4.8957 5.1235
4.8967 5.1132
4.8977 5.1031
4.8987 5.0931
4.8997 5.0831
4.9007 5.0733
4.9017 5.0636
4.9027 5.0540
4.9037 5.0445
4.9047 5.0351
4.9057 5.0257
4.9067 5.0165
4.9077 5.0074
4.9087 4.9984
4.9097 4.9895
4.9107 4.9807
4.9117 4.9720
4.9127 4.9634
4.9137 4.9548
4.9147 4.9464
4.9157 4.9381
4.9167 4.9298
4.9177 4.9217
4.9187 4.9136
4.9197 4.9056
4.9207 4.8977
4.9217 4.8899
4.9227 4.8822
4.9237 4.8745
4.9247 4.8670
4.9257 4.8595
4.9267 4.8522
4.9277 4.8449
4.9287 4.8377
4.9297 4.8305
4.9307 4.8235
4.9317 4.8165
4.9327 4.8096
4.9337 4.8028
4.9347 4.7961
4.9357 4.7895
4.9367 4.7829
4.9377 4.7764
4.9387 4.7700
4.9397 4.7637
4.9407 4.7575
4.9417 4.7513
4.9427 4.7453
4.9437 4.7392
4.9447 4.7333
4.9457 4.7275
4.9467 4.7217
4.9477 4.7160
4.9487 4.7104
4.9497 4.7049
4.9507 4.6994
4.9517 4.6940
4.9527 4.6887
4.9537 4.6835
4.9547 4.6784
4.9557 4.6733
4.9567 4.6683
4.9577 4.6634
4.9587 4.6586
4.9597 4.6538
4.9607 4.6491
4.9617 4.6445
4.9627 4.6400
4.9637 4.6356
4.9647 4.6312
4.9657 4.6269
4.9667 4.6227
4.9677 4.6185
4.9687 4.6145
4.9697 4.6105
4.9707 4.6066
4.9717 4.6028
4.9727 4.5990
4.9737 4.5954
4.9747 4.5918
4.9757 4.5883
4.9767 4.5849
4.9777 4.5815
4.9787 4.5783
4.9797 4.5751
4.9807 4.5720
4.9817 4.5689
4.9827 4.5660
4.9837 4.5631
4.9847 4.5603
4.9857 4.5576
4.9867 4.5550
4.9877 4.5524
4.9887 4.5500
4.9897 4.5476
4.9907 4.5453
4.9917 4.5430
4.9927 4.5409
4.9937 4.5388
4.9947 4.5368
4.9957 4.5349
4.9967 4.5331
4.9977 4.5314
4.9987 4.5297
4.9997 4.5281
5.0008 4.5266
5.0018 4.5252
5.0028 4.5238
5.0038 4.5226
5.0048 4.5214
5.0058 4.5203
5.0068 4.5193
5.0078 4.5183
5.0088 4.5174
5.0098 4.5167
5.0108 4.5159
5.0118 4.5153
5.0128 4.5148
5.0138 4.5143
5.0148 4.5139
5.0158 4.5136
5.0168 4.5133
5.0178 4.5131
5.0188 4.5130
5.0198 4.5130
5.0208 4.5131
5.0218 4.5132
5.0228 4.5134
5.0238 4.5137
5.0248 4.5140
5.0258 4.5144
5.0268 4.5149
5.0278 4.5155
5.0288 4.5161
5.0298 4.5168
5.0308 4.5176
5.0318 4.5185
5.0328 4.5194
5.0338 4.5203
5.0348 4.5214
5.0358 4.5225
5.0368 4.5237
5.0378 4.5249
5.0388 4.5262
5.0398 4.5275
5.0408 4.5290
5.0418 4.5304
5.0428 4.5320
5.0438 4.5336
5.0448 4.5352
5.0458 4.5369
5.0468 4.5387
5.0478 4.5405
5.0488 4.5424
5.0498 4.5443
5.0508 4.5463
5.0518 4.5483
5.0528 4.5504
5.0538 4.5525
5.0548 4.5547
5.0558 4.5569
5.0568 4.5591
5.0578 4.5614
5.0588 4.5637
5.0598 4.5661
5.0608 4.5685
5.0618 4.5710
5.0628 4.5734
5.0638 4.5760
5.0648 4.5785
5.0658 4.5811
5.0668 4.5837
5.0678 4.5863
5.0688 4.5890
5.0698 4.5917
5.0708 4.5944
5.0718 4.5971
5.0728 4.5999
5.0738 4.6027
5.0748 4.6054
5.0758 4.6083
5.0768 4.6111
5.0778 4.6139
5.0788 4.6168
5.0798 4.6196
5.0808 4.6225
5.0818 4.6254
5.0828 4.6282
5.0838 4.6311
5.0848 4.6340
5.0858 4.6369
5.0868 4.6398
5.0878 4.6427
5.0888 4.6456
5.0898 4.6484
5.0908 4.6513
5.0918 4.6542
5.0928 4.6570
5.0938 4.6599
5.0948 4.6627
5.0958 4.6655
5.0968 4.6683
5.0978 4.6711
5.0988 4.6738
5.0998 4.6766
5.1008 4.6793
5.1018 4.6820
5.1028 4.6847
5.1038 4.6873
5.1048 4.6899
5.1058 4.6925
5.1068 4.6951
5.1078 4.6976
5.1088 4.7001
5.1098 4.7025
5.1108 4.7050
5.1118 4.7074
5.1128 4.7097
5.1138 4.7120
5.1148 4.7143
5.1158 4.7165
5.1168 4.7187
5.1178 4.7208
5.1188 4.7229
5.1198 4.7250
5.1208 4.7270
5.1218 4.7289
5.1228 4.7308
5.1238 4.7326
5.1248 4.7344
5.1258 4.7362
5.1268 4.7379
5.1278 4.7395
5.1288 4.7411
5.1298 4.7426
5.1308 4.7441
5.1318 4.7455
5.1328 4.7468
5.1338 4.7481
5.1348 4.7493
5.1358 4.7505
5.1368 4.7516
5.1378 4.7526
5.1388 4.7536
5.1398 4.7545
5.1408 4.7554
5.1418 4.7561
5.1428 4.7569
5.1438 4.7575
5.1448 4.7581
5.1458 4.7586
5.1468 4.7591
5.1478 4.7594
5.1488 4.7597
5.1498 4.7600
5.1508 4.7602
5.1518 4.7603
5.1528 4.7603
5.1538 4.7603
5.1548 4.7602
5.1558 4.7600
5.1568 4.7598
5.1578 4.7594
5.1588 4.7591
5.1598 4.7586
5.1608 4.7581
5.1618 4.7575
5.1628 4.7568
5.1638 4.7561
5.1648 4.7553
5.1658 4.7544
5.1668 4.7535
5.1678 4.7525
5.1688 4.7514
5.1698 4.7502
5.1708 4.7490
5.1718 4.7477
5.1728 4.7464
5.1738 4.7449
5.1748 4.7435
5.1758 4.7419
5.1768 4.7403
5.1778 4.7386
5.1788 4.7368
5.1798 4.7350
5.1808 4.7331
5.1818 4.7311
5.1828 4.7291
5.1838 4.7270
5.1848 4.7248
5.1858 4.7226
5.1868 4.7203
5.1878 4.7180
5.1888 4.7156
5.1898 4.7131
5.1908 4.7106
5.1918 4.7080
5.1928 4.7054
5.1938 4.7026
5.1948 4.6999
5.1958 4.6971
5.1968 4.6942
5.1978 4.6912
5.1988 4.6882
5.1998 4.6852
5.2008 4.6821
5.2018 4.6789
5.2028 4.6757
5.2038 4.6724
5.2048 4.6691
5.2058 4.6657
5.2068 4.6622
5.2078 4.6588
5.2088 4.6552
5.2098 4.6516
5.2108 4.6480
5.2118 4.6443
5.2128 4.6406
5.2138 4.6368
5.2148 4.6330
5.2158 4.6291
5.2168 4.6252
5.2178 4.6212
5.2188 4.6172
5.2198 4.6131
5.2208 4.6090
5.2218 4.6049
5.2228 4.6007
5.2238 4.5964
5.2248 4.5922
5.2258 4.5879
5.2268 4.5835
5.2278 4.5791
5.2288 4.5747
5.2298 4.5702
5.2308 4.5657
5.2318 4.5611
5.2328 4.5565
5.2338 4.5519
5.2348 4.5472
5.2358 4.5425
5.2368 4.5378
5.2378 4.5330
5.2388 4.5282
5.2398 4.5233
5.2408 4.5184
5.2418 4.5135
5.2428 4.5085
5.2438 4.5035
5.2448 4.4985
5.2458 4.4935
5.2468 4.4884
5.2478 4.4832
5.2488 4.4781
5.2498 4.4729
5.2508 4.4677
5.2518 4.4624
5.2528 4.4571
5.2538 4.4518
5.2548 4.4465
5.2558 4.4411
5.2568 4.4357
5.2578 4.4302
5.2588 4.4248
5.2598 4.4193
5.2608 4.4137
5.2618 4.4082
5.2628 4.4026
5.2638 4.3969
5.2648 4.3913
5.2658 4.3856
5.2668 4.3799
5.2678 4.3741
5.2688 4.3684
5.2698 4.3626
5.2708 4.3567
5.2718 4.3509
5.2728 4.3450
5.2738 4.3390
5.2748 4.3331
5.2758 4.3271
5.2768 4.3211
5.2778 4.3151
5.2788 4.3090
5.2798 4.3029
5.2808 4.2968
5.2818 4.2906
5.2828 4.2844
5.2838 4.2782
5.2848 4.2720
5.2858 4.2657
5.2868 4.2594
5.2878 4.2531
5.2888 4.2467
5.2898 4.2403
5.2908 4.2339
5.2918 4.2274
5.2928 4.2210
5.2938 4.2145
5.2948 4.2079
5.2958 4.2014
5.2968 4.1948
5.2978 4.1881
5.2988 4.1815
5.2998 4.1748
5.3008 4.1681
5.3018 4.1613
5.3028 4.1545
5.3038 4.1477
5.3048 4.1409
5.3058 4.1340
5.3068 4.1271
5.3078 4.1202
5.3088 4.1132
5.3098 4.1062
5.3108 4.0992
5.3118 4.0922
5.3128 4.0851
5.3138 4.0780
5.3148 4.0708
5.3158 4.0637
5.3168 4.0564
5.3178 4.0492
5.3188 4.0419
5.3198 4.0347
5.3208 4.0273
5.3218 4.0200
5.3228 4.0126
5.3238 4.0052
5.3248 3.9977
5.3258 3.9902
5.3268 3.9827
5.3278 3.9752
5.3288 3.9676
5.3298 3.9600
5.3308 3.9524
5.3318 3.9447
5.3328 3.9371
5.3338 3.9293
5.3348 3.9216
5.3358 3.9138
5.3368 3.9060
5.3378 3.8982
5.3388 3.8903
5.3398 3.8824
5.3408 3.8745
5.3418 3.8665
5.3428 3.8585
5.3438 3.8505
5.3448 3.8425
5.3458 3.8344
5.3468 3.8263
5.3478 3.8182
5.3488 3.8100
5.3498 3.8019
5.3508 3.7936
5.3518 3.7854
5.3528 3.7771
5.3538 3.7688
5.3548 3.7605
5.3558 3.7522
5.3568 3.7438
5.3578 3.7354
5.3588 3.7270
5.3598 3.7185
5.3608 3.7100
5.3618 3.7015
5.3628 3.6930
5.3638 3.6845
5.3648 3.6759
5.3658 3.6673
5.3668 3.6586
5.3678 3.6500
5.3688 3.6413
5.3698 3.6326
5.3708 3.6239
5.3718 3.6151
5.3728 3.6063
5.3738 3.5975
5.3748 3.5887
5.3758 3.5799
5.3768 3.5710
5.3778 3.5621
5.3788 3.5532
5.3798 3.5443
5.3808 3.5353
5.3818 3.5264
5.3828 3.5174
5.3838 3.5084
5.3848 3.4993
5.3858 3.4903
5.3868 3.4812
5.3878 3.4721
5.3888 3.4630
5.3898 3.4539
5.3908 3.4447
5.3918 3.4355
5.3928 3.4264
5.3938 3.4172
5.3948 3.4079
5.3958 3.3987
5.3968 3.3895
5.3978 3.3802
5.3988 3.3709
5.3998 3.3616
5.4009 3.3523
5.4019 3.3430
5.4029 3.3336
5.4039 3.3243
5.4049 3.3149
5.4059 3.3055
5.4069 3.2961
5.4079 3.2867
5.4089 3.2773
5.4099 3.2678
5.4109 3.2584
5.4119 3.2489
5.4129 3.2394
5.4139 3.2300
5.4149 3.2205
5.4159 3.2110
5.4169 3.2014
5.4179 3.1919
5.4189 3.1824
5.4199 3.1728
5.4209 3.1633
5.4219 3.1537
5.4229 3.1441
5.4239 3.1346
5.4249 3.1250
5.4259 3.1154
5.4269 3.1058
5.4279 3.0962
5.4289 3.0866
5.4299 3.0770
5.4309 3.0673
5.4319 3.0577
5.4329 3.0481
5.4339 3.0384
5.4349 3.0288
5.4359 3.0192
5.4369 3.0095
5.4379 2.9999
5.4389 2.9902
5.4399 2.9805
5.4409 2.9709
5.4419 2.9612
5.4429 2.9516
5.4439 2.9419
5.4449 2.9322
5.4459 2.9226
5.4469 2.9129
5.4479 2.9033
5.4489 2.8936
5.4499 2.8839
5.4509 2.8743
5.4519 2.8646
5.4529 2.8550
5.4539 2.8453
5.4549 2.8357
5.4559 2.8261
5.4569 2.8164
5.4579 2.8068
5.4589 2.7972
5.4599 2.7875
5.4609 2.7779
5.4619 2.7683
5.4629 2.7587
5.4639 2.7491
5.4649 2.7395
5.4659 2.7299
5.4669 2.7204
5.4679 2.7108
5.4689 2.7013
5.4699 2.6917
5.4709 2.6822
5.4719 2.6726
5.4729 2.6631
5.4739 2.6536
5.4749 2.6441
5.4759 2.6347
5.4769 2.6252
5.4779 2.6157
5.4789 2.6063
5.4799 2.5969
5.4809 2.5874
5.4819 2.5780
5.4829 2.5687
5.4839 2.5593
5.4849 2.5499
5.4859 2.5406
5.4869 2.5313
5.4879 2.5220
5.4889 2.5127
5.4899 2.5034
5.4909 2.4942
5.4919 2.4849
5.4929 2.4757
5.4939 2.4665
5.4949 2.4573
5.4959 2.4482
5.4969 2.4391
5.4979 2.4299
5.4989 2.4209
5.4999 2.4118
5.5009 2.4027
5.5019 2.3937
5.5029 2.3847
5.5039 2.3757
5.5049 2.3668
5.5059 2.3579
5.5069 2.3489
5.5079 2.3401
5.5089 2.3312
5.5099 2.3224
5.5109 2.3136
5.5119 2.3048
5.5129 2.2961
5.5139 2.2873
5.5149 2.2787
5.5159 2.2700
5.5169 2.2614
5.5179 2.2527
5.5189 2.2442
5.5199 2.2356
5.5209 2.2271
5.5219 2.2186
5.5229 2.2102
5.5239 2.2017
5.5249 2.1933
5.5259 2.1850
5.5269 2.1767
5.5279 2.1684
5.5289 2.1601
5.5299 2.1519
5.5309 2.1437
5.5319 2.1355
5.5329 2.1274
5.5339 2.1193
5.5349 2.1112
5.5359 2.1032
5.5369 2.0952
5.5379 2.0873
5.5389 2.0793
5.5399 2.0715
5.5409 2.0636
5.5419 2.0558
5.5429 2.0480
5.5439 2.0403
5.5449 2.0326
5.5459 2.0250
5.5469 2.0173
5.5479 2.0098
5.5489 2.0022
5.5499 1.9947
5.5509 1.9873
5.5519 1.9798
5.5529 1.9724
5.5539 1.9651
5.5549 1.9578
5.5559 1.9505
5.5569 1.9433
5.5579 1.9361
5.5589 1.9290
5.5599 1.9219
5.5609 1.9148
5.5619 1.9078
5.5629 1.9008
5.5639 1.8939
5.5649 1.8870
5.5659 1.8801
5.5669 1.8733
5.5679 1.8665
5.5689 1.8598
5.5699 1.8531
5.5709 1.8465
5.5719 1.8399
5.5729 1.8333
5.5739 1.8268
5.5749 1.8204
5.5759 1.8139
5.5769 1.8076
5.5779 1.8012
5.5789 1.7949
5.5799 1.7887
5.5809 1.7825
5.5819 1.7763
5.5829 1.7702
5.5839 1.7641
5.5849 1.7581
5.5859 1.7521
5.5869 1.7461
5.5879 1.7402
5.5889 1.7344
5.5899 1.7285
5.5909 1.7228
5.5919 1.7170
5.5929 1.7114
5.5939 1.7057
5.5949 1.7001
5.5959 1.6946
5.5969 1.6891
5.5979 1.6836
5.5989 1.6782
5.5999 1.6728
5.6009 1.6675
5.6019 1.6622
5.6029 1.6570
5.6039 1.6518
5.6049 1.6466
5.6059 1.6415
5.6069 1.6364
5.6079 1.6314
5.6089 1.6264
5.6099 1.6215
5.6109 1.6166
5.6119 1.6117
5.6129 1.6069
5.6139 1.6022
5.6149 1.5974
5.6159 1.5928
5.6169 1.5881
5.6179 1.5835
5.6189 1.5790
5.6199 1.5745
5.6209 1.5700
5.6219 1.5656
5.6229 1.5612
5.6239 1.5569
5.6249 1.5526
5.6259 1.5483
5.6269 1.5441
5.6279 1.5399
5.6289 1.5358
5.6299 1.5317
5.6309 1.5276
5.6319 1.5236
5.6329 1.5196
5.6339 1.5157
5.6349 1.5118
5.6359 1.5080
5.6369 1.5041
5.6379 1.5004
5.6389 1.4966
5.6399 1.4929
5.6409 1.4893
5.6419 1.4856
5.6429 1.4820
5.6439 1.4785
5.6449 1.4750
5.6459 1.4715
5.6469 1.4681
5.6479 1.4647
5.6489 1.4613
5.6499 1.4580
5.6509 1.4547
5.6519 1.4514
5.6529 1.4482
5.6539 1.4450
5.6549 1.4418
5.6559 1.4387
5.6569 1.4356
5.6579 1.4325
5.6589 1.4295
5.6599 1.4265
5.6609 1.4235
5.6619 1.4206
5.6629 1.4177
5.6639 1.4148
5.6649 1.4120
5.6659 1.4092
5.6669 1.4064
5.6679 1.4036
5.6689 1.4009
5.6699 1.3982
5.6709 1.3955
5.6719 1.3928
5.6729 1.3902
5.6739 1.3876
5.6749 1.3851
5.6759 1.3825
5.6769 1.3800
5.6779 1.3775
5.6789 1.3750
5.6799 1.3725
5.6809 1.3701
5.6819 1.3677
5.6829 1.3653
5.6839 1.3629
5.6849 1.3606
5.6859 1.3583
5.6869 1.3560
5.6879 1.3537
5.6889 1.3514
5.6899 1.3491
5.6909 1.3469
5.6919 1.3447
5.6929 1.3425
5.6939 1.3403
5.6949 1.3381
5.6959 1.3359
5.6969 1.3338
5.6979 1.3316
5.6989 1.3295
5.6999 1.3274
5.7009 1.3253
5.7019 1.3232
5.7029 1.3211
5.7039 1.3191
5.7049 1.3170
5.7059 1.3149
5.7069 1.3129
5.7079 1.3109
5.7089 1.3088
5.7099 1.3068
5.7109 1.3048
5.7119 1.3027
5.7129 1.3007
5.7139 1.2987
5.7149 1.2967
5.7159 1.2947
5.7169 1.2927
5.7179 1.2907
5.7189 1.2887
5.7199 1.2867
5.7209 1.2847
5.7219 1.2827
5.7229 1.2807
5.7239 1.2787
5.7249 1.2767
5.7259 1.2747
5.7269 1.2726
5.7279 1.2706
5.7289 1.2686
5.7299 1.2666
5.7309 1.2645
5.7319 1.2625
5.7329 1.2604
5.7339 1.2584
5.7349 1.2563
5.7359 1.2542
5.7369 1.2521
5.7379 1.2501
5.7389 1.2479
5.7399 1.2458
5.7409 1.2437
5.7419 1.2416
5.7429 1.2394
5.7439 1.2373
5.7449 1.2351
5.7459 1.2329
5.7469 1.2307
5.7479 1.2285
5.7489 1.2263
5.7499 1.2240
5.7509 1.2218
5.7519 1.2195
5.7529 1.2172
5.7539 1.2149
5.7549 1.2126
5.7559 1.2103
5.7569 1.2079
5.7579 1.2055
5.7589 1.2031
5.7599 1.2007
5.7609 1.1983
5.7619 1.1959
5.7629 1.1934
5.7639 1.1909
5.7649 1.1884
5.7659 1.1859
5.7669 1.1834
5.7679 1.1808
5.7689 1.1782
5.7699 1.1756
5.7709 1.1730
5.7719 1.1704
5.7729 1.1677
5.7739 1.1650
5.7749 1.1623
5.7759 1.1596
5.7769 1.1569
5.7779 1.1541
5.7789 1.1513
5.7799 1.1485
5.7809 1.1457
5.7819 1.1428
5.7829 1.1400
5.7839 1.1371
5.7849 1.1342
5.7859 1.1312
5.7869 1.1283
5.7879 1.1253
5.7889 1.1223
5.7899 1.1193
5.7909 1.1163
5.7919 1.1132
5.7929 1.1101
5.7939 1.1070
5.7949 1.1039
5.7959 1.1008
5.7969 1.0976
5.7979 1.0944
5.7989 1.0912
5.7999 1.0880
5.8010 1.0848
5.8020 1.0815
5.8030 1.0783
5.8040 1.0750
5.8050 1.0716
5.8060 1.0683
5.8070 1.0650
5.8080 1.0616
5.8090 1.0582
5.8100 1.0548
5.8110 1.0514
5.8120 1.0480
5.8130 1.0445
5.8140 1.0410
5.8150 1.0375
5.8160 1.0340
5.8170 1.0305
5.8180 1.0270
5.8190 1.0235
5.8200 1.0199
5.8210 1.0163
5.8220 1.0127
5.8230 1.0091
5.8240 1.0055
5.8250 1.0019
5.8260 0.9983
5.8270 0.9946
5.8280 0.9910
5.8290 0.9873
5.8300 0.9836
5.8310 0.9799
5.8320 0.9762
5.8330 0.9725
5.8340 0.9688
5.8350 0.9651
5.8360 0.9613
5.8370 0.9576
5.8380 0.9538
5.8390 0.9501
5.8400 0.9463
5.8410 0.9425
5.8420 0.9388
5.8430 0.9350
5.8440 0.9312
5.8450 0.9274
5.8460 0.9236
5.8470 0.9198
5.8480 0.9160
5.8490 0.9122
5.8500 0.9084
5.8510 0.9046
5.8520 0.9008
5.8530 0.8970
5.8540 0.8932
5.8550 0.8894
5.8560 0.8856
5.8570 0.8818
5.8580 0.8780
5.8590 0.8742
5.8600 0.8704
5.8610 0.8666
5.8620 0.8628
5.8630 0.8591
5.8640 0.8553
5.8650 0.8515
5.8660 0.8477
5.8670 0.8440
5.8680 0.8402
5.8690 0.8364
5.8700 0.8327
5.8710 0.8290
5.8720 0.8252
5.8730 0.8215
5.8740 0.8178
5.8750 0.8141
5.8760 0.8104
5.8770 0.8067
5.8780 0.8030
5.8790 0.7993
5.8800 0.7957
5.8810 0.7920
5.8820 0.7884
5.8830 0.7848
5.8840 0.7811
5.8850 0.7775
5.8860 0.7739
5.8870 0.7704
5.8880 0.7668
5.8890 0.7632
5.8900 0.7597
5.8910 0.7562
5.8920 0.7527
5.8930 0.7492
5.8940 0.7457
5.8950 0.7422
5.8960 0.7388
5.8970 0.7353
5.8980 0.7319
5.8990 0.7285
5.9000 0.7251
5.9010 0.7218
5.9020 0.7184
5.9030 0.7151
5.9040 0.7117
5.9050 0.7084
5.9060 0.7051
5.9070 0.7019
5.9080 0.6986
5.9090 0.6954
5.9100 0.6922
5.9110 0.6890
5.9120 0.6858
5.9130 0.6826
5.9140 0.6795
5.9150 0.6764
5.9160 0.6733
5.9170 0.6702
5.9180 0.6671
5.9190 0.6641
5.9200 0.6610
5.9210 0.6580
5.9220 0.6551
5.9230 0.6521
5.9240 0.6491
5.9250 0.6462
5.9260 0.6433
5.9270 0.6404
5.9280 0.6375
5.9290 0.6347
5.9300 0.6318
5.9310 0.6290
5.9320 0.6262
5.9330 0.6235
5.9340 0.6207
5.9350 0.6180
5.9360 0.6153
5.9370 0.6126
5.9380 0.6099
5.9390 0.6072
5.9400 0.6046
5.9410 0.6020
5.9420 0.5994
5.9430 0.5968
5.9440 0.5943
5.9450 0.5917
5.9460 0.5892
5.9470 0.5867
5.9480 0.5842
5.9490 0.5818
5.9500 0.5793
5.9510 0.5769
5.9520 0.5745
5.9530 0.5721
5.9540 0.5697
5.9550 0.5674
5.9560 0.5650
5.9570 0.5627
5.9580 0.5604
5.9590 0.5581
5.9600 0.5559
5.9610 0.5536
5.9620 0.5514
5.9630 0.5492
5.9640 0.5470
5.9650 0.5448
5.9660 0.5426
5.9670 0.5405
5.9680 0.5384
5.9690 0.5362
5.9700 0.5341
5.9710 0.5321
5.9720 0.5300
5.9730 0.5279
5.9740 0.5259
5.9750 0.5239
5.9760 0.5218
5.9770 0.5198
5.9780 0.5179
5.9790 0.5159
5.9800 0.5139
5.9810 0.5120
5.9820 0.5101
5.9830 0.5081
5.9840 0.5062
5.9850 0.5043
5.9860 0.5024
5.9870 0.5006
5.9880 0.4987
5.9890 0.4969
5.9900 0.4950
5.9910 0.4932
5.9920 0.4914
5.9930 0.4896
5.9940 0.4878
5.9950 0.4860
5.9960 0.4842
5.9970 0.4824
5.9980 0.4807
5.9990 0.4789
6.0000 0.4772
