2.0000 0.0000
2.0010 0.0000
2.0020 0.0000
2.0030 0.0000
2.0040 0.0000
2.0050 0.0000
2.0060 0.0000
2.0070 0.0000
2.0080 0.0000
2.0090 0.0000
2.0100 0.0000
2.0110 0.0000
2.0120 0.0000
2.0130 0.0000
2.0140 0.0000
2.0150 0.0000
2.0160 0.0000
2.0170 0.0000
2.0180 0.0000
2.0190 0.0000
2.0200 0.0000
2.0210 0.0000
2.0220 0.0000
2.0230 0.0000
2.0240 0.0000
2.0250 0.0000
2.0260 0.0000
2.0270 0.0000
2.0280 0.0000
2.0290 0.0000
2.0300 0.0000
2.0310 0.0000
2.0320 0.0000
2.0330 0.0000
2.0340 0.0000
2.0350 0.0000
2.0360 0.0000
2.0370 0.0000
2.0380 0.0000
2.0390 0.0000
2.0400 0.0000
2.0410 0.0000
2.0420 0.0000
2.0430 0.0000
2.0440 0.0000
2.0450 0.0000
2.0460 0.0000
2.0470 0.0000
2.0480 0.0000
2.0490 0.0000
2.0500 0.0000
2.0510 0.0000
2.0520 0.0000
2.0530 0.0000
2.0540 0.0000
2.0550 0.0000
2.0560 0.0000
2.0570 0.0000
2.0580 0.0000
2.0590 0.0000
2.0600 0.0000
2.0610 0.0000
2.0620 0.0000
2.0630 0.0000
2.0640 0.0000
2.0650 0.0000
2.0660 0.0000
2.0670 0.0000
2.0680 0.0000
2.0690 0.0000
2.0700 0.0000
2.0710 0.0000
2.0720 0.0000
2.0730 0.0000
2.0740 0.0000
2.0750 0.0000
2.0760 0.0000
2.0770 0.0000
2.0780 0.0000
2.0790 0.0000
2.0800 0.0000
2.0810 0.0000
2.0820 0.0000
2.0830 0.0000
2.0840 0.0000
2.0850 0.0000
2.0860 0.0000
2.0870 0.0000
2.0880 0.0000
2.0890 0.0000
2.0900 0.0000
2.0910 0.0000
2.0920 0.0000
2.0930 0.0000
2.0940 0.0000
2.0950 0.0000
2.0960 0.0000
2.0970 0.0000
2.0980 0.0000
2.0990 0.0000
2.1000 0.0000
2.1010 0.0000
2.1020 0.0000
2.1030 0.0000
2.1040 0.0000
2.1050 0.0000
2.1060 0.0000
2.1070 0.0000
2.1080 0.0000
2.1090 0.0000
2.1100 0.0000
2.1110 0.0000
2.1120 0.0000
2.1130 0.0000
2.1140 0.0000
2.1150 0.0000
2.1160 0.0000
2.1170 0.0000
2.1180 0.0000
2.1190 0.0000
2.1200 0.0000
2.1210 0.0000
2.1220 0.0000
2.1230 0.0000
2.1240 0.0000
2.1250 0.0000
2.1260 0.0000
2.1270 0.0000
2.1280 0.0000
2.1290 0.0000
2.1300 0.0000
2.1310 0.0000
2.1320 0.0000
2.1330 0.0000
2.1340 0.0000
2.1350 0.0000
2.1360 0.0000
2.1370 0.0000
2.1380 0.0000
2.1390 0.0000
2.1400 0.0000
2.1410 0.0000
2.1420 0.0000
2.1430 0.0000
2.1440 0.0000
2.1450 0.0000
2.1460 0.0000
2.1470 0.0000
2.1480 0.0000
2.1490 0.0000
2.1500 0.0000
2.1510 0.0000
2.1520 0.0000
2.1530 0.0000
2.1540 0.0000
2.1550 0.0000
2.1560 0.0000
2.1570 0.0000
2.1580 0.0000
2.1590 0.0000
2.1600 0.0000
2.1610 0.0000
2.1620 0.0000
2.1630 0.0000
2.1640 0.0000
2.1650 0.0000
2.1660 0.0000
2.1670 0.0000
2.1680 0.0000
2.1690 0.0000
2.1700 0.0000
2.1710 0.0000
2.1720 0.0000
2.1730 0.0000
2.1740 0.0000
2.1750 0.0000
2.1760 0.0000
2.1770 0.0000
2.1780 0.0000
2.1790 0.0000
2.1800 0.0000
2.1810 0.0000
2.1820 0.0000
2.1830 0.0000
2.1840 0.0000
2.1850 0.0000
2.1860 0.0000
2.1870 0.0000
2.1880 0.0000
2.1890 0.0000
2.1900 0.0000
2.1910 0.0000
2.1920 0.0000
2.1930 0.0000
2.1940 0.0000
2.1950 0.0000
2.1960 0.0000
2.1970 0.0000
2.1980 0.0000
2.1990 0.0000
2.2001 0.0000
2.2011 0.0000
2.2021 0.0000
2.2031 0.0000
2.2041 0.0000
2.2051 0.0000
2.2061 0.0000
2.2071 0.0000
2.2081 0.0000
2.2091 0.0000
2.2101 0.0000
2.2111 0.0000
2.2121 0.0000
2.2131 0.0000
2.2141 0.0000
2.2151 0.0000
2.2161 0.0000
2.2171 0.0000
2.2181 0.0000
2.2191 0.0000
2.2201 0.0000
2.2211 0.0000
2.2221 0.0000
2.2231 0.0000
2.2241 0.0000
2.2251 0.0000
2.2261 0.0000
2.2271 0.0000
2.2281 0.0000
2.2291 0.0000
2.2301 0.0000
2.2311 0.0000
2.2321 0.0000
2.2331 0.0000
2.2341 0.0000
2.2351 0.0000
2.2361 0.0000
2.2371 0.0000
2.2381 0.0000
2.2391 0.0000
2.2401 0.0000
2.2411 0.0000
2.2421 0.0000
2.2431 0.0000
2.2441 0.0000
2.2451 0.0000
2.2461 0.0000
2.2471 0.0000
2.2481 0.0000
2.2491 0.0000
2.2501 0.0000
2.2511 0.0000
2.2521 0.0000
2.2531 0.0000
2.2541 0.0000
2.2551 0.0000
2.2561 0.0000
2.2571 0.0000
2.2581 0.0000
2.2591 0.0000
2.2601 0.0000
2.2611 0.0000
2.2621 0.0000
2.2631 0.0000
2.2641 0.0000
2.2651 0.0000
2.2661 0.0000
2.2671 0.0000
2.2681 0.0000
2.2691 0.0000
2.2701 0.0000
2.2711 0.0000
2.2721 0.0000
2.2731 0.0000
2.2741 0.0000
2.2751 0.0000
2.2761 0.0000
2.2771 0.0000
2.2781 0.0000
2.2791 0.0000
2.2801 0.0000
2.2811 0.0000
2.2821 0.0000
2.2831 0.0000
2.2841 0.0000
2.2851 0.0000
2.2861 0.0000
2.2871 0.0000
2.2881 0.0000
2.2891 0.0000
2.2901 0.0000
2.2911 0.0000
2.2921 0.0000
2.2931 0.0000
2.2941 0.0000
2.2951 0.0000
2.2961 0.0000
2.2971 0.0000
2.2981 0.0000
2.2991 0.0000
2.3001 0.0000
2.3011 0.0000
2.3021 0.0000
2.3031 0.0000
2.3041 0.0000
2.3051 0.0000
2.3061 0.0000
2.3071 0.0000
2.3081 0.0000
2.3091 0.0000
2.3101 0.0000
2.3111 0.0000
2.3121 0.0000
2.3131 0.0000
2.3141 0.0000
2.3151 0.0000
2.3161 0.0000
2.3171 0.0000
2.3181 0.0000
2.3191 0.0000
2.3201 0.0000
2.3211 0.0000
2.3221 0.0000
2.3231 0.0000
2.3241 0.0000
2.3251 0.0000
2.3261 0.0000
2.3271 0.0000
2.3281 0.0000
2.3291 0.0000
2.3301 0.0000
2.3311 0.0000
2.3321 0.0000
2.3331 0.0000
2.3341 0.0000
2.3351 0.0000
2.3361 0.0000
2.3371 0.0000
2.3381 0.0000
2.3391 0.0000
2.3401 0.0000
2.3411 0.0000
2.3421 0.0000
2.3431 0.0000
2.3441 0.0000
2.3451 0.0000
2.3461 0.0000
2.3471 0.0000
2.3481 0.0000
2.3491 0.0000
2.3501 0.0000
2.3511 0.0000
2.3521 0.0000
2.3531 0.0000
2.3541 0.0000
2.3551 0.0000
2.3561 0.0000
2.3571 0.0000
2.3581 0.0000
2.3591 0.0000
2.3601 0.0000
2.3611 0.0000
2.3621 0.0000
2.3631 0.0000
2.3641 0.0000
2.3651 0.0000
2.3661 0.0000
2.3671 0.0000
2.3681 0.0000
2.3691 0.0000
2.3701 0.0000
2.3711 0.0000
2.3721 0.0000
2.3731 0.0000
2.3741 0.0000
2.3751 0.0000
2.3761 0.0000
2.3771 0.0000
2.3781 0.0000
2.3791 0.0000
2.3801 0.0000
2.3811 0.0000
2.3821 0.0000
2.3831 0.0000
2.3841 0.0000
2.3851 0.0000
2.3861 0.0000
2.3871 0.0000
2.3881 0.0000
2.3891 0.0000
2.3901 0.0000
2.3911 0.0000
2.3921 0.0000
2.3931 0.0000
2.3941 0.0000
2.3951 0.0000
2.3961 0.0000
2.3971 0.0000
2.3981 0.0000
2.3991 0.0000
2.4001 0.0000
2.4011 0.0000
2.4021 0.0000
2.4031 0.0000
2.4041 0.0000
2.4051 0.0000
2.4061 0.0000
2.4071 0.0000
2.4081 0.0000
2.4091 0.0000
2.4101 0.0000
2.4111 0.0000
2.4121 0.0000
2.4131 0.0000
2.4141 0.0000
2.4151 0.0000
2.4161 0.0000
2.4171 0.0000
2.4181 0.0000
2.4191 0.0000
2.4201 0.0000
2.4211 0.0000
2.4221 0.0000
2.4231 0.0000
2.4241 0.0000
2.4251 0.0000
2.4261 0.0000
2.4271 0.0000
2.4281 0.0000
2.4291 0.0000
2.4301 0.0000
2.4311 0.0000
2.4321 0.0000
2.4331 0.0000
2.4341 0.0000
2.4351 0.0000
2.4361 0.0000
2.4371 0.0000
2.4381 0.0000
2.4391 0.0000
2.4401 0.0000
2.4411 0.0000
2.4421 0.0000
2.4431 0.0000
2.4441 0.0000
2.4451 0.0000
2.4461 0.0000
2.4471 0.0000
2.4481 0.0000
2.4491 0.0000
2.4501 0.0000
2.4511 0.0000
2.4521 0.0000
2.4531 0.0000
2.4541 0.0000
2.4551 0.0000
2.4561 0.0000
2.4571 0.0000
2.4581 0.0000
2.4591 0.0000
2.4601 0.0000
2.4611 0.0000
2.4621 0.0000
2.4631 0.0000
2.4641 0.0000
2.4651 0.0000
2.4661 0.0000
2.4671 0.0000
2.4681 0.0000
2.4691 0.0000
2.4701 0.0000
2.4711 0.0000
2.4721 0.0000
2.4731 0.0000
2.4741 0.0000
2.4751 0.0000
2.4761 0.0000
2.4771 0.0000
2.4781 0.0000
2.4791 0.0000
2.4801 0.0000
2.4811 0.0000
2.4821 0.0000
2.4831 0.0000
2.4841 0.0000
2.4851 0.0000
2.4861 0.0000
2.4871 0.0000
2.4881 0.0000
2.4891 0.0000
2.4901 0.0000
2.4911 0.0000
2.4921 0.0000
2.4931 0.0000
2.4941 0.0000
2.4951 0.0000
2.4961 0.0000
2.4971 0.0000
2.4981 0.0000
2.4991 0.0000
2.5001 0.0000
2.5011 0.0000
2.5021 0.0000
2.5031 0.0000
2.5041 0.0000
2.5051 0.0000
2.5061 0.0000
2.5071 0.0000
2.5081 0.0000
2.5091 0.0000
2.5101 0.0000
2.5111 0.0000
2.5121 0.0000
2.5131 0.0000
2.5141 0.0000
2.5151 0.0000
2.5161 0.0000
2.5171 0.0000
2.5181 0.0000
2.5191 0.0000
2.5201 0.0000
2.5211 0.0000
2.5221 0.0000
2.5231 0.0000
2.5241 0.0000
2.5251 0.0000
2.5261 0.0000
2.5271 0.0000
2.5281 0.0000
2.5291 0.0000
2.5301 0.0000
2.5311 0.0000
2.5321 0.0000
2.5331 0.0000
2.5341 0.0000
2.5351 0.0000
2.5361 0.0000
2.5371 0.0000
2.5381 0.0000
2.5391 0.0000
2.5401 0.0000
2.5411 0.0000
2.5421 0.0000
2.5431 0.0000
2.5441 0.0000
2.5451 0.0000
2.5461 0.0000
2.5471 0.0000
2.5481 0.0000
2.5491 0.0000
2.5501 0.0000
2.5511 0.0000
2.5521 0.0000
2.5531 0.0000
2.5541 0.0000
2.5551 0.0000
2.5561 0.0000
2.5571 0.0000
2.5581 0.0000
2.5591 0.0000
2.5601 0.0000
2.5611 0.0000
2.5621 0.0000
2.5631 0.0000
2.5641 0.0000
2.5651 0.0000
2.5661 0.0000
2.5671 0.0000
2.5681 0.0000
2.5691 0.0000
2.5701 0.0000
2.5711 0.0000
2.5721 0.0000
2.5731 0.0000
2.5741 0.0000
2.5751 0.0000
2.5761 0.0000
2.5771 0.0000
2.5781 0.0000
2.5791 0.0000
2.5801 0.0000
2.5811 0.0000
2.5821 0.0000
2.5831 0.0000
2.5841 0.0000
2.5851 0.0000
2.5861 0.0000
2.5871 0.0000
2.5881 0.0000
2.5891 0.0000
2.5901 0.0000
2.5911 0.0000
2.5921 0.0000
2.5931 0.0000
2.5941 0.0000
2.5951 0.0000
2.5961 0.0000
2.5971 0.0000
2.5981 0.0000
2.5991 0.0000
2.6002 0.0000
2.6012 0.0000
2.6022 0.0000
2.6032 0.0000
2.6042 0.0000
2.6052 0.0000
2.6062 0.0000
2.6072 0.0000
2.6082 0.0000
2.6092 0.0000
2.6102 0.0000
2.6112 0.0000
2.6122 0.0000
2.6132 0.0000
2.6142 0.0000
2.6152 0.0000
2.6162 0.0000
2.6172 0.0000
2.6182 0.0000
2.6192 0.0000
2.6202 0.0000
2.6212 0.0000
2.6222 0.0000
2.6232 0.0000
2.6242 0.0000
2.6252 0.0000
2.6262 0.0000
2.6272 0.0000
2.6282 0.0000
2.6292 0.0000
2.6302 0.0000
2.6312 0.0000
2.6322 0.0000
2.6332 0.0000
2.6342 0.0000
2.6352 0.0000
2.6362 0.0000
2.6372 0.0000
2.6382 0.0000
2.6392 0.0000
2.6402 0.0000
2.6412 0.0000
2.6422 0.0000
2.6432 0.0000
2.6442 0.0000
2.6452 0.0000
2.6462 0.0000
2.6472 0.0000
2.6482 0.0000
2.6492 0.0000
2.6502 0.0000
2.6512 0.0000
2.6522 0.0000
2.6532 0.0000
2.6542 0.0000
2.6552 0.0000
2.6562 0.0000
2.6572 0.0000
2.6582 0.0000
2.6592 0.0000
2.6602 0.0000
2.6612 0.0000
2.6622 0.0000
2.6632 0.0000
2.6642 0.0000
2.6652 0.0000
2.6662 0.0000
2.6672 0.0000
2.6682 0.0000
2.6692 0.0000
2.6702 0.0000
2.6712 0.0000
2.6722 0.0000
2.6732 0.0000
2.6742 0.0000
2.6752 0.0000
2.6762 0.0000
2.6772 0.0000
2.6782 0.0000
2.6792 0.0000
2.6802 0.0000
2.6812 0.0000
2.6822 0.0000
2.6832 0.0000
2.6842 0.0000
2.6852 0.0000
2.6862 0.0000
2.6872 0.0000
2.6882 0.0000
2.6892 0.0000
2.6902 0.0000
2.6912 0.0000
2.6922 0.0000
2.6932 0.0000
2.6942 0.0000
2.6952 0.0000
2.6962 0.0000
2.6972 0.0000
2.6982 0.0000
2.6992 0.0000
2.7002 0.0000
2.7012 0.0000
2.7022 0.0000
2.7032 0.0000
2.7042 0.0000
2.7052 0.0000
2.7062 0.0000
2.7072 0.0000
2.7082 0.0000
2.7092 0.0000
2.7102 0.0000
2.7112 0.0000
2.7122 0.0000
2.7132 0.0000
2.7142 0.0000
2.7152 0.0000
2.7162 0.0000
2.7172 0.0000
2.7182 0.0000
2.7192 0.0000
2.7202 0.0000
2.7212 0.0000
2.7222 0.0000
2.7232 0.0000
2.7242 0.0000
2.7252 0.0000
2.7262 0.0000
2.7272 0.0000
2.7282 0.0000
2.7292 0.0000
2.7302 0.0000
2.7312 0.0000
2.7322 0.0000
2.7332 0.0000
2.7342 0.0000
2.7352 0.0000
2.7362 0.0000
2.7372 0.0000
2.7382 0.0000
2.7392 0.0000
2.7402 0.0000
2.7412 0.0000
2.7422 0.0000
2.7432 0.0000
2.7442 0.0000
2.7452 0.0000
2.7462 0.0000
2.7472 0.0000
2.7482 0.0000
2.7492 0.0000
2.7502 0.0000
2.7512 0.0000
2.7522 0.0000
2.7532 0.0000
2.7542 0.0000
2.7552 0.0000
2.7562 0.0000
2.7572 0.0000
2.7582 0.0000
2.7592 0.0000
2.7602 0.0000
2.7612 0.0000
2.7622 0.0000
2.7632 0.0000
2.7642 0.0000
2.7652 0.0000
2.7662 0.0000
2.7672 0.0000
2.7682 0.0000
2.7692 0.0000
2.7702 0.0000
2.7712 0.0000
2.7722 0.0000
2.7732 0.0000
2.7742 0.0000
2.7752 0.0000
2.7762 0.0000
2.7772 0.0000
2.7782 0.0000
2.7792 0.0000
2.7802 0.0000
2.7812 0.0000
2.7822 0.0000
2.7832 0.0000
2.7842 0.0000
2.7852 0.0000
2.7862 0.0000
2.7872 0.0000
2.7882 0.0000
2.7892 0.0000
2.7902 0.0000
2.7912 0.0000
2.7922 0.0000
2.7932 0.0000
2.7942 0.0000
2.7952 0.0000
2.7962 0.0000
2.7972 0.0000
2.7982 0.0000
2.7992 0.0000
2.8002 0.0000
2.8012 0.0000
2.8022 0.0000
2.8032 0.0000
2.8042 0.0000
2.8052 0.0000
2.8062 0.0000
2.8072 0.0000
2.8082 0.0000
2.8092 0.0000
2.8102 0.0000
2.8112 0.0000
2.8122 0.0000
2.8132 0.0000
2.8142 0.0000
2.8152 0.0000
2.8162 0.0000
2.8172 0.0000
2.8182 0.0000
2.8192 0.0000
2.8202 0.0000
2.8212 0.0000
2.8222 0.0000
2.8232 0.0000
2.8242 0.0000
2.8252 0.0000
2.8262 0.0000
2.8272 0.0000
2.8282 0.0000
2.8292 0.0000
2.8302 0.0000
2.8312 0.0000
2.8322 0.0000
2.8332 0.0000
2.8342 0.0000
2.8352 0.0000
2.8362 0.0000
2.8372 0.0000
2.8382 0.0000
2.8392 0.0000
2.8402 0.0000
2.8412 0.0000
2.8422 0.0000
2.8432 0.0000
2.8442 0.0000
2.8452 0.0000
2.8462 0.0000
2.8472 0.0000
2.8482 0.0000
2.8492 0.0000
2.8502 0.0000
2.8512 0.0000
2.8522 0.0000
2.8532 0.0000
2.8542 0.0000
2.8552 0.0000
2.8562 0.0000
2.8572 0.0000
2.8582 0.0000
2.8592 0.0000
2.8602 0.0000
2.8612 0.0000
2.8622 0.0000
2.8632 0.0000
2.8642 0.0000
2.8652 0.0000
2.8662 0.0000
2.8672 0.0000
2.8682 0.0000
2.8692 0.0000
2.8702 0.0000
2.8712 0.0000
2.8722 0.0000
2.8732 0.0000
2.8742 0.0000
2.8752 0.0000
2.8762 0.0000
2.8772 0.0000
2.8782 0.0000
2.8792 0.0000
2.8802 0.0000
2.8812 0.0000
2.8822 0.0000
2.8832 0.0000
2.8842 0.0000
2.8852 0.0000
2.8862 0.0000
2.8872 0.0000
2.8882 0.0000
2.8892 0.0000
2.8902 0.0000
2.8912 0.0000
2.8922 0.0000
2.8932 0.0000
2.8942 0.0000
2.8952 0.0000
2.8962 0.0000
2.8972 0.0000
2.8982 0.0000
2.8992 0.0000
2.9002 0.0000
2.9012 0.0000
2.9022 0.0000
2.9032 0.0000
2.9042 0.0000
2.9052 0.0000
2.9062 0.0000
2.9072 0.0000
2.9082 0.0000
2.9092 0.0000
2.9102 0.0000
2.9112 0.0000
2.9122 0.0000
2.9132 0.0000
2.9142 0.0000
2.9152 0.0000
2.9162 0.0000
2.9172 0.0000
2.9182 0.0000
2.9192 0.0000
2.9202 0.0000
2.9212 0.0000
2.9222 0.0000
2.9232 0.0000
2.9242 0.0000
2.9252 0.0000
2.9262 0.0000
2.9272 0.0000
2.9282 0.0000
2.9292 0.0000
2.9302 0.0000
2.9312 0.0000
2.9322 0.0000
2.9332 0.0000
2.9342 0.0000
2.9352 0.0000
2.9362 0.0000
2.9372 0.0000
2.9382 0.0000
2.9392 0.0000
2.9402 0.0000
2.9412 0.0000
2.9422 0.0000
2.9432 0.0000
2.9442 0.0000
2.9452 0.0000
2.9462 0.0000
2.9472 0.0000
2.9482 0.0000
2.9492 0.0000
2.9502 0.0000
2.9512 0.0000
2.9522 0.0000
2.9532 0.0000
2.9542 0.0000
2.9552 0.0000
2.9562 0.0000
2.9572 0.0000
2.9582 0.0000
2.9592 0.0000
2.9602 0.0000
2.9612 0.0000
2.9622 0.0000
2.9632 0.0000
2.9642 0.0000
2.9652 0.0000
2.9662 0.0000
2.9672 0.0000
2.9682 0.0000
2.9692 0.0000
2.9702 0.0000
2.9712 0.0000
2.9722 0.0000
2.9732 0.0000
2.9742 0.0000
2.9752 0.0000
2.9762 0.0000
2.9772 0.0000
2.9782 0.0000
2.9792 0.0000
2.9802 0.0000
2.9812 0.0000
2.9822 0.0000
2.9832 0.0000
2.9842 0.0000
2.9852 0.0000
2.9862 0.0000
2.9872 0.0000
2.9882 0.0000
2.9892 0.0000
2.9902 0.0000
2.9912 0.0000
2.9922 0.0000
2.9932 0.0000
2.9942 0.0000
2.9952 0.0000
2.9962 0.0000
2.9972 0.0000
2.9982 0.0000
2.9992 0.0000
3.0003 0.0000
3.0013 0.0000
3.0023 0.0000
3.0033 0.0000
3.0043 0.0000
3.0053 0.0000
3.0063 0.0000
3.0073 0.0000
3.0083 0.0000
3.0093 0.0000
3.0103 0.0000
3.0113 0.0000
3.0123 0.0000
3.0133 0.0000
3.0143 0.0000
3.0153 0.0000
3.0163 0.0000
3.0173 0.0000
3.0183 0.0000
3.0193 0.0000
3.0203 0.0000
3.0213 0.0000
3.0223 0.0000
3.0233 0.0000
3.0243 0.0000
3.0253 0.0000
3.0263 0.0000
3.0273 0.0000
3.0283 0.0000
3.0293 0.0000
3.0303 0.0000
3.0313 0.0000
3.0323 0.0000
3.0333 0.0000
3.0343 0.0000
3.0353 0.0000
3.0363 0.0000
3.0373 0.0000
3.0383 0.0000
3.0393 0.0000
3.0403 0.0000
3.0413 0.0000
3.0423 0.0000
3.0433 0.0000
3.0443 0.0000
3.0453 0.0000
3.0463 0.0000
3.0473 0.0000
3.0483 0.0000
3.0493 0.0000
3.0503 0.0000
3.0513 0.0000
3.0523 0.0000
3.0533 0.0000
3.0543 0.0000
3.0553 0.0000
3.0563 0.0000
3.0573 0.0000
3.0583 0.0000
3.0593 0.0000
3.0603 0.0000
3.0613 0.0000
3.0623 0.0000
3.0633 0.0000
3.0643 0.0000
3.0653 0.0000
3.0663 0.0000
3.0673 0.0000
3.0683 0.0000
3.0693 0.0000
3.0703 0.0000
3.0713 0.0000
3.0723 0.0000
3.0733 0.0000
3.0743 0.0000
3.0753 0.0000
3.0763 0.0000
3.0773 0.0000
3.0783 0.0000
3.0793 0.0000
3.0803 0.0000
3.0813 0.0000
3.0823 0.0000
3.0833 0.0000
3.0843 0.0000
3.0853 0.0000
3.0863 0.0000
3.0873 0.0000
3.0883 0.0000
3.0893 0.0000
3.0903 0.0000
3.0913 0.0000
3.0923 0.0000
3.0933 0.0000
3.0943 0.0000
3.0953 0.0000
3.0963 0.0000
3.0973 0.0000
3.0983 0.0000
3.0993 0.0000
3.1003 0.0000
3.1013 0.0000
3.1023 0.0000
3.1033 0.0000
3.1043 0.0000
3.1053 0.0000
3.1063 0.0000
3.1073 0.0000
3.1083 0.0000
3.1093 0.0000
3.1103 0.0000
3.1113 0.0000
3.1123 0.0000
3.1133 0.0000
3.1143 0.0000
3.1153 0.0000
3.1163 0.0000
3.1173 0.0000
3.1183 0.0000
3.1193 0.0000
3.1203 0.0000
3.1213 0.0000
3.1223 0.0000
3.1233 0.0000
3.1243 0.0000
3.1253 0.0000
3.1263 0.0000
3.1273 0.0000
3.1283 0.0000
3.1293 0.0000
3.1303 0.0000
3.1313 0.0000
3.1323 0.0000
3.1333 0.0000
3.1343 0.0000
3.1353 0.0000
3.1363 0.0000
3.1373 0.0000
3.1383 0.0000
3.1393 0.0000
3.1403 0.0000
3.1413 0.0000
3.1423 0.0000
3.1433 0.0000
3.1443 0.0000
3.1453 0.0000
3.1463 0.0000
3.1473 0.0000
3.1483 0.0000
3.1493 0.0000
3.1503 0.0000
3.1513 0.0000
3.1523 0.0000
3.1533 0.0000
3.1543 0.0000
3.1553 0.0000
3.1563 0.0000
3.1573 0.0000
3.1583 0.0000
3.1593 0.0000
3.1603 0.0000
3.1613 0.0000
3.1623 0.0000
3.1633 0.0000
3.1643 0.0000
3.1653 0.0000
3.1663 0.0000
3.1673 0.0000
3.1683 0.0000
3.1693 0.0000
3.1703 0.0000
3.1713 0.0000
3.1723 0.0000
3.1733 0.0000
3.1743 0.0000
3.1753 0.0000
3.1763 0.0000
3.1773 0.0000
3.1783 0.0000
3.1793 0.0000
3.1803 0.0000
3.1813 0.0000
3.1823 0.0000
3.1833 0.0000
3.1843 0.0000
3.1853 0.0000
3.1863 0.0000
3.1873 0.0000
3.1883 0.0000
3.1893 0.0000
3.1903 0.0000
3.1913 0.0000
3.1923 0.0000
3.1933 0.0000
3.1943 0.0000
3.1953 0.0000
3.1963 0.0000
3.1973 0.0000
3.1983 0.0000
3.1993 0.0000
3.2003 0.0000
3.2013 0.0000
3.2023 0.0000
3.2033 0.0000
3.2043 0.0000
3.2053 0.0000
3.2063 0.0000
3.2073 0.0000
3.2083 0.0000
3.2093 0.0000
3.2103 0.0000
3.2113 0.0000
3.2123 0.0000
3.2133 0.0000
3.2143 0.0000
3.2153 0.0000
3.2163 0.0000
3.2173 0.0000
3.2183 0.0000
3.2193 0.0000
3.2203 0.0000
3.2213 0.0000
3.2223 0.0000
3.2233 0.0000
3.2243 0.0000
3.2253 0.0000
3.2263 0.0000
3.2273 0.0000
3.2283 0.0000
3.2293 0.0000
3.2303 0.0000
3.2313 0.0000
3.2323 0.0000
3.2333 0.0000
3.2343 0.0000
3.2353 0.0000
3.2363 0.0000
3.2373 0.0000
3.2383 0.0000
3.2393 0.0000
3.2403 0.0000
3.2413 0.0000
3.2423 0.0000
3.2433 0.0000
3.2443 0.0000
3.2453 0.0000
3.2463 0.0000
3.2473 0.0000
3.2483 0.0000
3.2493 0.0000
3.2503 0.0000
3.2513 0.0000
3.2523 0.0000
3.2533 0.0000
3.2543 0.0000
3.2553 0.0000
3.2563 0.0000
3.2573 0.0000
3.2583 0.0000
3.2593 0.0000
3.2603 0.0000
3.2613 0.0000
3.2623 0.0000
3.2633 0.0000
3.2643 0.0000
3.2653 0.0000
3.2663 0.0000
3.2673 0.0000
3.2683 0.0000
3.2693 0.0000
3.2703 0.0000
3.2713 0.0000
3.2723 0.0000
3.2733 0.0000
3.2743 0.0000
3.2753 0.0000
3.2763 0.0000
3.2773 0.0000
3.2783 0.0000
3.2793 0.0001
3.2803 0.0001
3.2813 0.0001
3.2823 0.0001
3.2833 0.0001
3.2843 0.0001
3.2853 0.0001
3.2863 0.0001
3.2873 0.0001
3.2883 0.0001
3.2893 0.0001
3.2903 0.0001
3.2913 0.0001
3.2923 0.0001
3.2933 0.0001
3.2943 0.0001
3.2953 0.0001
3.2963 0.0001
3.2973 0.0001
3.2983 0.0002
3.2993 0.0002
3.3003 0.0002
3.3013 0.0002
3.3023 0.0002
3.3033 0.0002
3.3043 0.0002
3.3053 0.0002
3.3063 0.0002
3.3073 0.0002
3.3083 0.0003
3.3093 0.0003
3.3103 0.0003
3.3113 0.0003
3.3123 0.0003
3.3133 0.0003
3.3143 0.0004
3.3153 0.0004
3.3163 0.0004
3.3173 0.0004
3.3183 0.0004
3.3193 0.0005
3.3203 0.0005
3.3213 0.0005
3.3223 0.0006
3.3233 0.0006
3.3243 0.0006
3.3253 0.0006
3.3263 0.0007
3.3273 0.0007
3.3283 0.0008
3.3293 0.0008
3.3303 0.0008
3.3313 0.0009
3.3323 0.0009
3.3333 0.0010
3.3343 0.0010
3.3353 0.0011
3.3363 0.0011
3.3373 0.0012
3.3383 0.0012
3.3393 0.0013
3.3403 0.0014
3.3413 0.0014
3.3423 0.0015
3.3433 0.0016
3.3443 0.0017
3.3453 0.0018
3.3463 0.0018
3.3473 0.0019
3.3483 0.0020
3.3493 0.0021
3.3503 0.0022
3.3513 0.0024
3.3523 0.0025
3.3533 0.0026
3.3543 0.0027
3.3553 0.0028
3.3563 0.0030
3.3573 0.0031
3.3583 0.0033
3.3593 0.0034
3.3603 0.0036
3.3613 0.0038
3.3623 0.0040
3.3633 0.0041
3.3643 0.0043
3.3653 0.0045
3.3663 0.0048
3.3673 0.0050
3.3683 0.0052
3.3693 0.0055
3.3703 0.0057
3.3713 0.0060
3.3723 0.0062
3.3733 0.0065
3.3743 0.0068
3.3753 0.0071
3.3763 0.0075
3.3773 0.0078
3.3783 0.0082
3.3793 0.0085
3.3803 0.0089
3.3813 0.0093
3.3823 0.0097
3.3833 0.0102
3.3843 0.0106
3.3853 0.0111
3.3863 0.0116
3.3873 0.0121
3.3883 0.0126
3.3893 0.0132
3.3903 0.0137
3.3913 0.0143
3.3923 0.0149
3.3933 0.0156
3.3943 0.0163
3.3953 0.0169
3.3963 0.0177
3.3973 0.0184
3.3983 0.0192
3.3993 0.0200
3.4004 0.0209
3.4014 0.0217
3.4024 0.0226
3.4034 0.0236
3.4044 0.0246
3.4054 0.0256
3.4064 0.0266
3.4074 0.0277
3.4084 0.0289
3.4094 0.0300
3.4104 0.0312
3.4114 0.0325
3.4124 0.0338
3.4134 0.0352
3.4144 0.0366
3.4154 0.0381
3.4164 0.0396
3.4174 0.0411
3.4184 0.0428
3.4194 0.0444
3.4204 0.0462
3.4214 0.0480
3.4224 0.0498
3.4234 0.0518
3.4244 0.0538
3.4254 0.0558
3.4264 0.0580
3.4274 0.0602
3.4284 0.0625
3.4294 0.0649
3.4304 0.0673
3.4314 0.0698
3.4324 0.0725
3.4334 0.0752
3.4344 0.0780
3.4354 0.0808
3.4364 0.0838
3.4374 0.0869
3.4384 0.0901
3.4394 0.0934
3.4404 0.0968
3.4414 0.1002
3.4424 0.1039
3.4434 0.1076
3.4444 0.1114
3.4454 0.1154
3.4464 0.1195
3.4474 0.1237
3.4484 0.1281
3.4494 0.1325
3.4504 0.1372
3.4514 0.1419
3.4524 0.1468
3.4534 0.1519
3.4544 0.1571
3.4554 0.1625
3.4564 0.1680
3.4574 0.1737
3.4584 0.1795
3.4594 0.1856
3.4604 0.1918
3.4614 0.1982
3.4624 0.2047
3.4634 0.2115
3.4644 0.2184
3.4654 0.2256
3.4664 0.2329
3.4674 0.2405
3.4684 0.2483
3.4694 0.2563
3.4704 0.2645
3.4714 0.2729
3.4724 0.2815
3.4734 0.2904
3.4744 0.2996
3.4754 0.3089
3.4764 0.3186
3.4774 0.3284
3.4784 0.3386
3.4794 0.3490
3.4804 0.3597
3.4814 0.3706
3.4824 0.3818
3.4834 0.3934
3.4844 0.4052
3.4854 0.4173
3.4864 0.4297
3.4874 0.4424
3.4884 0.4554
3.4894 0.4688
3.4904 0.4824
3.4914 0.4964
3.4924 0.5108
3.4934 0.5255
3.4944 0.5405
3.4954 0.5559
3.4964 0.5716
3.4974 0.5877
3.4984 0.6042
3.4994 0.6210
3.5004 0.6383
3.5014 0.6559
3.5024 0.6739
3.5034 0.6923
3.5044 0.7111
3.5054 0.7303
3.5064 0.7500
3.5074 0.7700
3.5084 0.7905
3.5094 0.8114
3.5104 0.8328
3.5114 0.8546
3.5124 0.8769
3.5134 0.8996
3.5144 0.9228
3.5154 0.9464
3.5164 0.9705
3.5174 0.9951
3.5184 1.0202
3.5194 1.0457
3.5204 1.0718
3.5214 1.0983
3.5224 1.1254
3.5234 1.1529
3.5244 1.1810
3.5254 1.2096
3.5264 1.2387
3.5274 1.2683
3.5284 1.2985
3.5294 1.3292
3.5304 1.3604
3.5314 1.3922
3.5324 1.4245
3.5334 1.4574
3.5344 1.4909
3.5354 1.5248
3.5364 1.5594
3.5374 1.5945
3.5384 1.6302
3.5394 1.6664
3.5404 1.7033
3.5414 1.7406
3.5424 1.7786
3.5434 1.8172
3.5444 1.8563
3.5454 1.8960
3.5464 1.9363
3.5474 1.9772
3.5484 2.0186
3.5494 2.0607
3.5504 2.1033
3.5514 2.1466
3.5524 2.1904
3.5534 2.2348
3.5544 2.2798
3.5554 2.3254
3.5564 2.3715
3.5574 2.4183
3.5584 2.4656
3.5594 2.5135
3.5604 2.5620
3.5614 2.6111
3.5624 2.6608
3.5634 2.7110
3.5644 2.7618
3.5654 2.8131
3.5664 2.8651
3.5674 2.9175
3.5684 2.9706
3.5694 3.0242
3.5704 3.0783
3.5714 3.1330
3.5724 3.1882
3.5734 3.2440
3.5744 3.3002
3.5754 3.3570
3.5764 3.4143
3.5774 3.4721
3.5784 3.5304
3.5794 3.5892
3.5804 3.6485
3.5814 3.7082
3.5824 3.7685
3.5834 3.8291
3.5844 3.8903
3.5854 3.9518
3.5864 4.0138
3.5874 4.0762
3.5884 4.1390
3.5894 4.2022
3.5904 4.2658
3.5914 4.3298
3.5924 4.3941
3.5934 4.4588
3.5944 4.5239
3.5954 4.5892
3.5964 4.6549
3.5974 4.7209
3.5984 4.7871
3.5994 4.8537
3.6004 4.9205
3.6014 4.9875
3.6024 5.0548
3.6034 5.1223
3.6044 5.1899
3.6054 5.2578
3.6064 5.3259
3.6074 5.3941
3.6084 5.4624
3.6094 5.5309
3.6104 5.5994
3.6114 5.6681
3.6124 5.7368
3.6134 5.8056
3.6144 5.8744
3.6154 5.9433
3.6164 6.0121
3.6174 6.0810
3.6184 6.1498
3.6194 6.2185
3.6204 6.2872
3.6214 6.3557
3.6224 6.4242
3.6234 6.4926
3.6244 6.5608
3.6254 6.6288
3.6264 6.6967
3.6274 6.7643
3.6284 6.8317
3.6294 6.8989
3.6304 6.9658
3.6314 7.0325
3.6324 7.0988
3.6334 7.1648
3.6344 7.2305
3.6354 7.2958
3.6364 7.3608
3.6374 7.4253
3.6384 7.4894
3.6394 7.5531
3.6404 7.6163
3.6414 7.6791
3.6424 7.7413
3.6434 7.8031
3.6444 7.8643
3.6454 7.9249
3.6464 7.9850
3.6474 8.0445
3.6484 8.1034
3.6494 8.1616
3.6504 8.2192
3.6514 8.2761
3.6524 8.3324
3.6534 8.3879
3.6544 8.4428
3.6554 8.4968
3.6564 8.5502
3.6574 8.6028
3.6584 8.6545
3.6594 8.7055
3.6604 8.7557
3.6614 8.8050
3.6624 8.8535
3.6634 8.9011
3.6644 8.9478
3.6654 8.9936
3.6664 9.0386
3.6674 9.0826
3.6684 9.1256
3.6694 9.1677
3.6704 9.2089
3.6714 9.2491
3.6724 9.2883
3.6734 9.3264
3.6744 9.3636
3.6754 9.3998
3.6764 9.4349
3.6774 9.4690
3.6784 9.5020
3.6794 9.5340
3.6804 9.5649
3.6814 9.5947
3.6824 9.6234
3.6834 9.6511
3.6844 9.6776
3.6854 9.7030
3.6864 9.7273
3.6874 9.7505
3.6884 9.7726
3.6894 9.7936
3.6904 9.8134
3.6914 9.8321
3.6924 9.8496
3.6934 9.8660
3.6944 9.8812
3.6954 9.8954
3.6964 9.9083
3.6974 9.9201
3.6984 9.9308
3.6994 9.9403
3.7004 9.9487
3.7014 9.9559
3.7024 9.9620
3.7034 9.9669
3.7044 9.9707
3.7054 9.9733
3.7064 9.9748
3.7074 9.9752
3.7084 9.9745
3.7094 9.9726
3.7104 9.9697
3.7114 9.9656
3.7124 9.9604
3.7134 9.9541
3.7144 9.9467
3.7154 9.9383
3.7164 9.9287
3.7174 9.9181
3.7184 9.9065
3.7194 9.8938
3.7204 9.8801
3.7214 9.8653
3.7224 9.8495
3.7234 9.8327
3.7244 9.8149
3.7254 9.7961
3.7264 9.7764
3.7274 9.7557
3.7284 9.7340
3.7294 9.7114
3.7304 9.6879
3.7314 9.6635
3.7324 9.6382
3.7334 9.6120
3.7344 9.5849
3.7354 9.5570
3.7364 9.5282
3.7374 9.4986
3.7384 9.4682
3.7394 9.4370
3.7404 9.4051
3.7414 9.3723
3.7424 9.3389
3.7434 9.3047
3.7444 9.2697
3.7454 9.2341
3.7464 9.1978
3.7474 9.1609
3.7484 9.1233
3.7494 9.0850
3.7504 9.0462
3.7514 9.0067
3.7524 8.9667
3.7534 8.9261
3.7544 8.8850
3.7554 8.8433
3.7564 8.8012
3.7574 8.7585
3.7584 8.7154
3.7594 8.6718
3.7604 8.6278
3.7614 8.5833
3.7624 8.5384
3.7634 8.4932
3.7644 8.4476
3.7654 8.4016
3.7664 8.3553
3.7674 8.3087
3.7684 8.2618
3.7694 8.2146
3.7704 8.1671
3.7714 8.1193
3.7724 8.0714
3.7734 8.0232
3.7744 7.9748
3.7754 7.9262
3.7764 7.8775
3.7774 7.8286
3.7784 7.7796
3.7794 7.7304
3.7804 7.6812
3.7814 7.6318
3.7824 7.5824
3.7834 7.5329
3.7844 7.4833
3.7854 7.4338
3.7864 7.3842
3.7874 7.3346
3.7884 7.2850
3.7894 7.2354
3.7904 7.1858
3.7914 7.1364
3.7924 7.0869
3.7934 7.0376
3.7944 6.9883
3.7954 6.9391
3.7964 6.8901
3.7974 6.8411
3.7984 6.7923
3.7994 6.7436
3.8005 6.6951
3.8015 6.6468
3.8025 6.5986
3.8035 6.5506
3.8045 6.5028
3.8055 6.4552
3.8065 6.4078
3.8075 6.3607
3.8085 6.3137
3.8095 6.2670
3.8105 6.2206
3.8115 6.1744
3.8125 6.1285
3.8135 6.0828
3.8145 6.0374
3.8155 5.9923
3.8165 5.9475
3.8175 5.9030
3.8185 5.8588
3.8195 5.8149
3.8205 5.7713
3.8215 5.7280
3.8225 5.6851
3.8235 5.6424
3.8245 5.6001
3.8255 5.5582
3.8265 5.5166
3.8275 5.4753
3.8285 5.4344
3.8295 5.3938
3.8305 5.3536
3.8315 5.3138
3.8325 5.2743
3.8335 5.2351
3.8345 5.1964
3.8355 5.1580
3.8365 5.1199
3.8375 5.0823
3.8385 5.0450
3.8395 5.0081
3.8405 4.9715
3.8415 4.9354
3.8425 4.8996
3.8435 4.8642
3.8445 4.8292
3.8455 4.7945
3.8465 4.7603
3.8475 4.7264
3.8485 4.6928
3.8495 4.6597
3.8505 4.6270
3.8515 4.5946
3.8525 4.5626
3.8535 4.5309
3.8545 4.4997
3.8555 4.4688
3.8565 4.4383
3.8575 4.4082
3.8585 4.3784
3.8595 4.3490
3.8605 4.3200
3.8615 4.2913
3.8625 4.2630
3.8635 4.2351
3.8645 4.2075
3.8655 4.1803
3.8665 4.1535
3.8675 4.1270
3.8685 4.1008
3.8695 4.0750
3.8705 4.0496
3.8715 4.0245
3.8725 3.9997
3.8735 3.9753
3.8745 3.9512
3.8755 3.9275
3.8765 3.9041
3.8775 3.8810
3.8785 3.8583
3.8795 3.8359
3.8805 3.8138
3.8815 3.7920
3.8825 3.7706
3.8835 3.7495
3.8845 3.7287
3.8855 3.7082
3.8865 3.6880
3.8875 3.6681
3.8885 3.6486
3.8895 3.6293
3.8905 3.6103
3.8915 3.5917
3.8925 3.5733
3.8935 3.5552
3.8945 3.5374
3.8955 3.5200
3.8965 3.5028
3.8975 3.4858
3.8985 3.4692
3.8995 3.4528
3.9005 3.4368
3.9015 3.4210
3.9025 3.4054
3.9035 3.3902
3.9045 3.3752
3.9055 3.3605
3.9065 3.3460
3.9075 3.3319
3.9085 3.3179
3.9095 3.3043
3.9105 3.2909
3.9115 3.2777
3.9125 3.2648
3.9135 3.2522
3.9145 3.2398
3.9155 3.2277
3.9165 3.2158
3.9175 3.2042
3.9185 3.1928
3.9195 3.1817
3.9205 3.1708
3.9215 3.1601
3.9225 3.1497
3.9235 3.1395
3.9245 3.1296
3.9255 3.1199
3.9265 3.1105
3.9275 3.1012
3.9285 3.0923
3.9295 3.0835
3.9305 3.0750
3.9315 3.0667
3.9325 3.0587
3.9335 3.0509
3.9345 3.0433
3.9355 3.0360
3.9365 3.0289
3.9375 3.0220
3.9385 3.0153
3.9395 3.0089
3.9405 3.0027
3.9415 2.9968
3.9425 2.9911
3.9435 2.9856
3.9445 2.9803
3.9455 2.9753
3.9465 2.9705
3.9475 2.9659
3.9485 2.9615
3.9495 2.9574
3.9505 2.9536
3.9515 2.9499
3.9525 2.9465
3.9535 2.9433
3.9545 2.9404
3.9555 2.9376
3.9565 2.9352
3.9575 2.9329
3.9585 2.9309
3.9595 2.9291
3.9605 2.9276
3.9615 2.9263
3.9625 2.9252
3.9635 2.9244
3.9645 2.9239
3.9655 2.9235
3.9665 2.9234
3.9675 2.9236
3.9685 2.9240
3.9695 2.9246
3.9705 2.9255
3.9715 2.9266
3.9725 2.9280
3.9735 2.9297
3.9745 2.9315
3.9755 2.9337
3.9765 2.9361
3.9775 2.9387
3.9785 2.9417
3.9795 2.9448
3.9805 2.9483
3.9815 2.9519
3.9825 2.9559
3.9835 2.9601
3.9845 2.9646
3.9855 2.9694
3.9865 2.9744
3.9875 2.9797
3.9885 2.9853
3.9895 2.9911
3.9905 2.9972
3.9915 3.0036
3.9925 3.0103
3.9935 3.0173
3.9945 3.0245
3.9955 3.0320
3.9965 3.0398
3.9975 3.0479
3.9985 3.0563
3.9995 3.0650
4.0005 3.0740
4.0015 3.0833
4.0025 3.0928
4.0035 3.1027
4.0045 3.1129
4.0055 3.1233
4.0065 3.1341
4.0075 3.1452
4.0085 3.1566
4.0095 3.1683
4.0105 3.1803
4.0115 3.1926
4.0125 3.2052
4.0135 3.2182
4.0145 3.2314
4.0155 3.2450
4.0165 3.2589
4.0175 3.2732
4.0185 3.2877
4.0195 3.3026
4.0205 3.3178
4.0215 3.3333
4.0225 3.3491
4.0235 3.3653
4.0245 3.3818
4.0255 3.3987
4.0265 3.4159
4.0275 3.4334
4.0285 3.4512
4.0295 3.4694
4.0305 3.4879
4.0315 3.5068
4.0325 3.5260
4.0335 3.5455
4.0345 3.5654
4.0355 3.5856
4.0365 3.6062
4.0375 3.6271
4.0385 3.6484
4.0395 3.6700
4.0405 3.6919
4.0415 3.7142
4.0425 3.7368
4.0435 3.7598
4.0445 3.7831
4.0455 3.8067
4.0465 3.8307
4.0475 3.8551
4.0485 3.8797
4.0495 3.9048
4.0505 3.9301
4.0515 3.9558
4.0525 3.9819
4.0535 4.0082
4.0545 4.0350
4.0555 4.0620
4.0565 4.0894
4.0575 4.1171
4.0585 4.1452
4.0595 4.1736
4.0605 4.2023
4.0615 4.2313
4.0625 4.2607
4.0635 4.2904
4.0645 4.3204
4.0655 4.3507
4.0665 4.3813
4.0675 4.4123
4.0685 4.4435
4.0695 4.4751
4.0705 4.5069
4.0715 4.5391
4.0725 4.5716
4.0735 4.6043
4.0745 4.6373
4.0755 4.6707
4.0765 4.7043
4.0775 4.7382
4.0785 4.7723
4.0795 4.8067
4.0805 4.8414
4.0815 4.8764
4.0825 4.9116
4.0835 4.9470
4.0845 4.9827
4.0855 5.0186
4.0865 5.0548
4.0875 5.0911
4.0885 5.1277
4.0895 5.1646
4.0905 5.2016
4.0915 5.2388
4.0925 5.2762
4.0935 5.3138
4.0945 5.3516
4.0955 5.3896
4.0965 5.4277
4.0975 5.4660
4.0985 5.5045
4.0995 5.5431
4.1005 5.5818
4.1015 5.6207
4.1025 5.6597
4.1035 5.6988
4.1045 5.7380
4.1055 5.7773
4.1065 5.8167
4.1075 5.8561
4.1085 5.8957
4.1095 5.9353
4.1105 5.9749
4.1115 6.0146
4.1125 6.0544
4.1135 6.0941
4.1145 6.1339
4.1155 6.1737
4.1165 6.2135
4.1175 6.2533
4.1185 6.2930
4.1195 6.3327
4.1205 6.3724
4.1215 6.4120
4.1225 6.4516
4.1235 6.4910
4.1245 6.5304
4.1255 6.5697
4.1265 6.6089
4.1275 6.6480
4.1285 6.6870
4.1295 6.7258
4.1305 6.7644
4.1315 6.8029
4.1325 6.8413
4.1335 6.8794
4.1345 6.9174
4.1355 6.9551
4.1365 6.9926
4.1375 7.0300
4.1385 7.0670
4.1395 7.1039
4.1405 7.1404
4.1415 7.1767
4.1425 7.2127
4.1435 7.2485
4.1445 7.2839
4.1455 7.3190
4.1465 7.3538
4.1475 7.3882
4.1485 7.4223
4.1495 7.4561
4.1505 7.4894
4.1515 7.5224
4.1525 7.5550
4.1535 7.5872
4.1545 7.6190
4.1555 7.6504
4.1565 7.6814
4.1575 7.7119
4.1585 7.7419
4.1595 7.7715
4.1605 7.8007
4.1615 7.8293
4.1625 7.8575
4.1635 7.8851
4.1645 7.9123
4.1655 7.9389
4.1665 7.9651
4.1675 7.9906
4.1685 8.0157
4.1695 8.0402
4.1705 8.0641
4.1715 8.0875
4.1725 8.1103
4.1735 8.1325
4.1745 8.1541
4.1755 8.1752
4.1765 8.1956
4.1775 8.2154
4.1785 8.2346
4.1795 8.2532
4.1805 8.2712
4.1815 8.2885
4.1825 8.3052
4.1835 8.3213
4.1845 8.3367
4.1855 8.3514
4.1865 8.3655
4.1875 8.3790
4.1885 8.3917
4.1895 8.4038
4.1905 8.4153
4.1915 8.4260
4.1925 8.4361
4.1935 8.4455
4.1945 8.4543
4.1955 8.4623
4.1965 8.4697
4.1975 8.4764
4.1985 8.4824
4.1995 8.4877
4.2006 8.4923
4.2016 8.4963
4.2026 8.4996
4.2036 8.5021
4.2046 8.5040
4.2056 8.5053
4.2066 8.5058
4.2076 8.5057
4.2086 8.5049
4.2096 8.5034
4.2106 8.5012
4.2116 8.4984
4.2126 8.4949
4.2136 8.4908
4.2146 8.4860
4.2156 8.4806
4.2166 8.4745
4.2176 8.4678
4.2186 8.4604
4.2196 8.4525
4.2206 8.4439
4.2216 8.4347
4.2226 8.4248
4.2236 8.4144
4.2246 8.4034
4.2256 8.3918
4.2266 8.3797
4.2276 8.3669
4.2286 8.3536
4.2296 8.3398
4.2306 8.3254
4.2316 8.3105
4.2326 8.2950
4.2336 8.2791
4.2346 8.2626
4.2356 8.2457
4.2366 8.2283
4.2376 8.2104
4.2386 8.1920
4.2396 8.1732
4.2406 8.1539
4.2416 8.1343
4.2426 8.1142
4.2436 8.0937
4.2446 8.0728
4.2456 8.0516
4.2466 8.0300
4.2476 8.0081
4.2486 7.9858
4.2496 7.9632
4.2506 7.9402
4.2516 7.9170
4.2526 7.8935
4.2536 7.8698
4.2546 7.8457
4.2556 7.8215
4.2566 7.7970
4.2576 7.7723
4.2586 7.7474
4.2596 7.7223
4.2606 7.6971
4.2616 7.6717
4.2626 7.6462
4.2636 7.6206
4.2646 7.5948
4.2656 7.5690
4.2666 7.5430
4.2676 7.5170
4.2686 7.4910
4.2696 7.4649
4.2706 7.4389
4.2716 7.4128
4.2726 7.3867
4.2736 7.3607
4.2746 7.3347
4.2756 7.3087
4.2766 7.2829
4.2776 7.2571
4.2786 7.2314
4.2796 7.2059
4.2806 7.1804
4.2816 7.1552
4.2826 7.1300
4.2836 7.1051
4.2846 7.0804
4.2856 7.0558
4.2866 7.0315
4.2876 7.0074
4.2886 6.9836
4.2896 6.9600
4.2906 6.9367
4.2916 6.9137
4.2926 6.8910
4.2936 6.8686
4.2946 6.8465
4.2956 6.8248
4.2966 6.8034
4.2976 6.7824
4.2986 6.7617
4.2996 6.7415
4.3006 6.7217
4.3016 6.7022
4.3026 6.6832
4.3036 6.6646
4.3046 6.6465
4.3056 6.6288
4.3066 6.6116
4.3076 6.5949
4.3086 6.5787
4.3096 6.5630
4.3106 6.5477
4.3116 6.5330
4.3126 6.5188
4.3136 6.5052
4.3146 6.4921
4.3156 6.4795
4.3166 6.4675
4.3176 6.4561
4.3186 6.4452
4.3196 6.4349
4.3206 6.4252
4.3216 6.4161
4.3226 6.4076
4.3236 6.3997
4.3246 6.3924
4.3256 6.3858
4.3266 6.3797
4.3276 6.3743
4.3286 6.3695
4.3296 6.3654
4.3306 6.3619
4.3316 6.3590
4.3326 6.3568
4.3336 6.3552
4.3346 6.3543
4.3356 6.3540
4.3366 6.3544
4.3376 6.3554
4.3386 6.3571
4.3396 6.3595
4.3406 6.3625
4.3416 6.3662
4.3426 6.3705
4.3436 6.3755
4.3446 6.3812
4.3456 6.3875
4.3466 6.3945
4.3476 6.4022
4.3486 6.4105
4.3496 6.4194
4.3506 6.4291
4.3516 6.4393
4.3526 6.4502
4.3536 6.4618
4.3546 6.4740
4.3556 6.4868
4.3566 6.5003
4.3576 6.5144
4.3586 6.5292
4.3596 6.5445
4.3606 6.5605
4.3616 6.5771
4.3626 6.5943
4.3636 6.6121
4.3646 6.6305
4.3656 6.6495
4.3666 6.6691
4.3676 6.6893
4.3686 6.7100
4.3696 6.7313
4.3706 6.7532
4.3716 6.7756
4.3726 6.7986
4.3736 6.8221
4.3746 6.8461
4.3756 6.8707
4.3766 6.8958
4.3776 6.9214
4.3786 6.9474
4.3796 6.9740
4.3806 7.0011
4.3816 7.0286
4.3826 7.0566
4.3836 7.0851
4.3846 7.1140
4.3856 7.1434
4.3866 7.1732
4.3876 7.2034
4.3886 7.2340
4.3896 7.2650
4.3906 7.2964
4.3916 7.3282
4.3926 7.3604
4.3936 7.3929
4.3946 7.4258
4.3956 7.4590
4.3966 7.4926
4.3976 7.5264
4.3986 7.5606
4.3996 7.5951
4.4006 7.6299
4.4016 7.6650
4.4026 7.7004
4.4036 7.7360
4.4046 7.7719
4.4056 7.8080
4.4066 7.8443
4.4076 7.8809
4.4086 7.9177
4.4096 7.9546
4.4106 7.9918
4.4116 8.0292
4.4126 8.0667
4.4136 8.1044
4.4146 8.1422
4.4156 8.1802
4.4166 8.2183
4.4176 8.2566
4.4186 8.2949
4.4196 8.3334
4.4206 8.3719
4.4216 8.4105
4.4226 8.4492
4.4236 8.4880
4.4246 8.5268
4.4256 8.5657
4.4266 8.6046
4.4276 8.6436
4.4286 8.6825
4.4296 8.7215
4.4306 8.7605
4.4316 8.7995
4.4326 8.8384
4.4336 8.8774
4.4346 8.9163
4.4356 8.9551
4.4366 8.9940
4.4376 9.0327
4.4386 9.0714
4.4396 9.1101
4.4406 9.1486
4.4416 9.1871
4.4426 9.2255
4.4436 9.2638
4.4446 9.3020
4.4456 9.3401
4.4466 9.3780
4.4476 9.4158
4.4486 9.4536
4.4496 9.4911
4.4506 9.5285
4.4516 9.5658
4.4526 9.6030
4.4536 9.6399
4.4546 9.6767
4.4556 9.7134
4.4566 9.7498
4.4576 9.7861
4.4586 9.8222
4.4596 9.8581
4.4606 9.8938
4.4616 9.9293
4.4626 9.9646
4.4636 9.9998
4.4646 10.0347
4.4656 10.0694
4.4666 10.1038
4.4676 10.1381
4.4686 10.1721
4.4696 10.2059
4.4706 10.2395
4.4716 10.2728
4.4726 10.3060
4.4736 10.3388
4.4746 10.3715
4.4756 10.4039
4.4766 10.4360
4.4776 10.4679
4.4786 10.4996
4.4796 10.5310
4.4806 10.5621
4.4816 10.5930
4.4826 10.6237
4.4836 10.6541
4.4846 10.6842
4.4856 10.7141
4.4866 10.7437
4.4876 10.7731
4.4886 10.8022
4.4896 10.8310
4.4906 10.8596
4.4916 10.8879
4.4926 10.9159
4.4936 10.9437
4.4946 10.9712
4.4956 10.9984
4.4966 11.0254
4.4976 11.0521
4.4986 11.0786
4.4996 11.1047
4.5006 11.1306
4.5016 11.1563
4.5026 11.1817
4.5036 11.2068
4.5046 11.2316
4.5056 11.2562
4.5066 11.2805
4.5076 11.3045
4.5086 11.3283
4.5096 11.3518
4.5106 11.3751
4.5116 11.3981
4.5126 11.4208
4.5136 11.4432
4.5146 11.4654
4.5156 11.4873
4.5166 11.5090
4.5176 11.5304
4.5186 11.5515
4.5196 11.5724
4.5206 11.5930
4.5216 11.6133
4.5226 11.6334
4.5236 11.6532
4.5246 11.6728
4.5256 11.6921
4.5266 11.7111
4.5276 11.7299
4.5286 11.7484
4.5296 11.7667
4.5306 11.7847
4.5316 11.8024
4.5326 11.8199
4.5336 11.8371
4.5346 11.8540
4.5356 11.8707
4.5366 11.8871
4.5376 11.9033
4.5386 11.9192
4.5396 11.9349
4.5406 11.9502
4.5416 11.9654
4.5426 11.9802
4.5436 11.9948
4.5446 12.0091
4.5456 12.0232
4.5466 12.0370
4.5476 12.0506
4.5486 12.0638
4.5496 12.0768
4.5506 12.0896
4.5516 12.1021
4.5526 12.1143
4.5536 12.1262
4.5546 12.1379
4.5556 12.1492
4.5566 12.1604
4.5576 12.1712
4.5586 12.1818
4.5596 12.1921
4.5606 12.2021
4.5616 12.2118
4.5626 12.2213
4.5636 12.2304
4.5646 12.2393
4.5656 12.2479
4.5666 12.2563
4.5676 12.2643
4.5686 12.2720
4.5696 12.2795
4.5706 12.2867
4.5716 12.2935
4.5726 12.3001
4.5736 12.3064
4.5746 12.3124
4.5756 12.3180
4.5766 12.3234
4.5776 12.3285
4.5786 12.3332
4.5796 12.3377
4.5806 12.3418
4.5816 12.3457
4.5826 12.3492
4.5836 12.3524
4.5846 12.3552
4.5856 12.3578
4.5866 12.3601
4.5876 12.3620
4.5886 12.3636
4.5896 12.3648
4.5906 12.3658
4.5916 12.3664
4.5926 12.3666
4.5936 12.3666
4.5946 12.3662
4.5956 12.3654
4.5966 12.3643
4.5976 12.3629
4.5986 12.3611
4.5996 12.3590
4.6007 12.3565
4.6017 12.3537
4.6027 12.3505
4.6037 12.3470
4.6047 12.3431
4.6057 12.3389
4.6067 12.3343
4.6077 12.3293
4.6087 12.3240
4.6097 12.3183
4.6107 12.3123
4.6117 12.3059
4.6127 12.2991
4.6137 12.2920
4.6147 12.2844
4.6157 12.2765
4.6167 12.2683
4.6177 12.2596
4.6187 12.2506
4.6197 12.2412
4.6207 12.2315
4.6217 12.2213
4.6227 12.2108
4.6237 12.1999
4.6247 12.1886
4.6257 12.1770
4.6267 12.1649
4.6277 12.1525
4.6287 12.1397
4.6297 12.1265
4.6307 12.1129
4.6317 12.0990
4.6327 12.0846
4.6337 12.0699
4.6347 12.0548
4.6357 12.0394
4.6367 12.0235
4.6377 12.0073
4.6387 11.9906
4.6397 11.9736
4.6407 11.9563
4.6417 11.9385
4.6427 11.9204
4.6437 11.9019
4.6447 11.8830
4.6457 11.8637
4.6467 11.8441
4.6477 11.8241
4.6487 11.8037
4.6497 11.7829
4.6507 11.7618
4.6517 11.7403
4.6527 11.7185
4.6537 11.6963
4.6547 11.6737
4.6557 11.6508
4.6567 11.6275
4.6577 11.6038
4.6587 11.5798
4.6597 11.5555
4.6607 11.5308
4.6617 11.5058
4.6627 11.4804
4.6637 11.4547
4.6647 11.4286
4.6657 11.4022
4.6667 11.3755
4.6677 11.3484
4.6687 11.3211
4.6697 11.2934
4.6707 11.2654
4.6717 11.2370
4.6727 11.2084
4.6737 11.1794
4.6747 11.1502
4.6757 11.1207
4.6767 11.0908
4.6777 11.0607
4.6787 11.0302
4.6797 10.9995
4.6807 10.9685
4.6817 10.9373
4.6827 10.9057
4.6837 10.8739
4.6847 10.8419
4.6857 10.8096
4.6867 10.7770
4.6877 10.7442
4.6887 10.7111
4.6897 10.6778
4.6907 10.6442
4.6917 10.6105
4.6927 10.5765
4.6937 10.5423
4.6947 10.5078
4.6957 10.4732
4.6967 10.4383
4.6977 10.4033
4.6987 10.3681
4.6997 10.3326
4.7007 10.2970
4.7017 10.2613
4.7027 10.2253
4.7037 10.1892
4.7047 10.1529
4.7057 10.1165
4.7067 10.0799
4.7077 10.0431
4.7087 10.0063
4.7097 9.9693
4.7107 9.9322
4.7117 9.8949
4.7127 9.8575
4.7137 9.8201
4.7147 9.7825
4.7157 9.7448
4.7167 9.7071
4.7177 9.6692
4.7187 9.6313
4.7197 9.5933
4.7207 9.5552
4.7217 9.5171
4.7227 9.4789
4.7237 9.4406
4.7247 9.4023
4.7257 9.3640
4.7267 9.3256
4.7277 9.2872
4.7287 9.2488
4.7297 9.2104
4.7307 9.1720
4.7317 9.1335
4.7327 9.0951
4.7337 9.0567
4.7347 9.0182
4.7357 8.9798
4.7367 8.9415
4.7377 8.9031
4.7387 8.8648
4.7397 8.8265
4.7407 8.7883
4.7417 8.7501
4.7427 8.7120
4.7437 8.6740
4.7447 8.6360
4.7457 8.5981
4.7467 8.5603
4.7477 8.5225
4.7487 8.4849
4.7497 8.4473
4.7507 8.4098
4.7517 8.3725
4.7527 8.3352
4.7537 8.2981
4.7547 8.2611
4.7557 8.2242
4.7567 8.1874
4.7577 8.1508
4.7587 8.1143
4.7597 8.0779
4.7607 8.0417
4.7617 8.0057
4.7627 7.9697
4.7637 7.9340
4.7647 7.8984
4.7657 7.8630
4.7667 7.8278
4.7677 7.7927
4.7687 7.7578
4.7697 7.7231
4.7707 7.6885
4.7717 7.6542
4.7727 7.6200
4.7737 7.5861
4.7747 7.5523
4.7757 7.5188
4.7767 7.4854
4.7777 7.4523
4.7787 7.4193
4.7797 7.3866
4.7807 7.3541
4.7817 7.3218
4.7827 7.2898
4.7837 7.2579
4.7847 7.2263
4.7857 7.1949
4.7867 7.1637
4.7877 7.1328
4.7887 7.1021
4.7897 7.0716
4.7907 7.0414
4.7917 7.0114
4.7927 6.9817
4.7937 6.9522
4.7947 6.9229
4.7957 6.8939
4.7967 6.8651
4.7977 6.8366
4.7987 6.8083
4.7997 6.7803
4.8007 6.7525
4.8017 6.7249
4.8027 6.6977
4.8037 6.6706
4.8047 6.6438
4.8057 6.6173
4.8067 6.5910
4.8077 6.5650
4.8087 6.5392
4.8097 6.5137
4.8107 6.4884
4.8117 6.4634
4.8127 6.4386
4.8137 6.4141
4.8147 6.3898
4.8157 6.3658
4.8167 6.3420
4.8177 6.3185
4.8187 6.2952
4.8197 6.2722
4.8207 6.2494
4.8217 6.2269
4.8227 6.2046
4.8237 6.1825
4.8247 6.1607
4.8257 6.1391
4.8267 6.1178
4.8277 6.0967
4.8287 6.0759
4.8297 6.0553
4.8307 6.0349
4.8317 6.0147
4.8327 5.9948
4.8337 5.9751
4.8347 5.9557
4.8357 5.9365
4.8367 5.9175
4.8377 5.8987
4.8387 5.8801
4.8397 5.8618
4.8407 5.8436
4.8417 5.8257
4.8427 5.8081
4.8437 5.7906
4.8447 5.7733
4.8457 5.7562
4.8467 5.7394
4.8477 5.7227
4.8487 5.7063
4.8497 5.6900
4.8507 5.6740
4.8517 5.6581
4.8527 5.6424
4.8537 5.6270
4.8547 5.6117
4.8557 5.5966
4.8567 5.5816
4.8577 5.5669
4.8587 5.5523
4.8597 5.5380
4.8607 5.5238
4.8617 5.5097
4.8627 5.4959
4.8637 5.4822
4.8647 5.4686
4.8657 5.4553
4.8667 5.4421
4.8677 5.4290
4.8687 5.4161
4.8697 5.4034
4.8707 5.3908
4.8717 5.3784
4.8727 5.3661
4.8737 5.3540
4.8747 5.3420
4.8757 5.3302
4.8767 5.3185
4.8777 5.3069
4.8787 5.2955
4.8797 5.2842
4.8807 5.2730
4.8817 5.2620
4.8827 5.2511
4.8837 5.2403
4.8847 5.2296
4.8857 5.2191
4.8867 5.2087
4.8877 5.1984
4.8887 5.1882
4.8897 5.1781
4.8907 5.1682
4.8917 5.1584
4.8927 5.1486
4.8937 5.1390
4.8947 5.1295
4.8957 5.1201
4.8967 5.1108
4.8977 5.1016
4.8987 5.0925
4.8997 5.0835
4.9007 5.0746
4.9017 5.0658
4.9027 5.0571
4.9037 5.0485
4.9047 5.0400
4.9057 5.0316
4.9067 5.0232
4.9077 5.0150
4.9087 5.0068
4.9097 4.9987
4.9107 4.9908
4.9117 4.9829
4.9127 4.9751
4.9137 4.9673
4.9147 4.9597
4.9157 4.9521
4.9167 4.9446
4.9177 4.9372
4.9187 4.9299
4.9197 4.9227
4.9207 4.9155
4.9217 4.9084
4.9227 4.9014
4.9237 4.8945
4.9247 4.8876
4.9257 4.8808
4.9267 4.8741
4.9277 4.8675
4.9287 4.8609
4.9297 4.8544
4.9307 4.8480
4.9317 4.8417
4.9327 4.8354
4.9337 4.8292
4.9347 4.8231
4.9357 4.8170
4.9367 4.8110
4.9377 4.8051
4.9387 4.7993
4.9397 4.7935
4.9407 4.7878
4.9417 4.7822
4.9427 4.7766
4.9437 4.7711
4.9447 4.7657
4.9457 4.7604
4.9467 4.7551
4.9477 4.7499
4.9487 4.7447
4.9497 4.7397
4.9507 4.7347
4.9517 4.7297
4.9527 4.7249
4.9537 4.7201
4.9547 4.7154
4.9557 4.7107
4.9567 4.7061
4.9577 4.7016
4.9587 4.6972
4.9597 4.6928
4.9607 4.6885
4.9617 4.6843
4.9627 4.6801
4.9637 4.6760
4.9647 4.6720
4.9657 4.6681
4.9667 4.6642
4.9677 4.6604
4.9687 4.6567
4.9697 4.6530
4.9707 4.6494
4.9717 4.6459
4.9727 4.6424
4.9737 4.6391
4.9747 4.6358
4.9757 4.6325
4.9767 4.6294
4.9777 4.6263
4.9787 4.6233
4.9797 4.6203
4.9807 4.6174
4.9817 4.6146
4.9827 4.6119
4.9837 4.6092
4.9847 4.6067
4.9857 4.6041
4.9867 4.6017
4.9877 4.5993
4.9887 4.5970
4.9897 4.5948
4.9907 4.5926
4.9917 4.5906
4.9927 4.5885
4.9937 4.5866
4.9947 4.5847
4.9957 4.5829
4.9967 4.5812
4.9977 4.5795
4.9987 4.5779
4.9997 4.5764
5.0008 4.5750
5.0018 4.5736
5.0028 4.5723
5.0038 4.5710
5.0048 4.5699
5.0058 4.5687
5.0068 4.5677
5.0078 4.5667
5.0088 4.5658
5.0098 4.5650
5.0108 4.5642
5.0118 4.5635
5.0128 4.5629
5.0138 4.5623
5.0148 4.5618
5.0158 4.5614
5.0168 4.5610
5.0178 4.5607
5.0188 4.5604
5.0198 4.5602
5.0208 4.5601
5.0218 4.5600
5.0228 4.5600
5.0238 4.5600
5.0248 4.5601
5.0258 4.5603
5.0268 4.5605
5.0278 4.5608
5.0288 4.5611
5.0298 4.5615
5.0308 4.5620
5.0318 4.5625
5.0328 4.5630
5.0338 4.5636
5.0348 4.5643
5.0358 4.5650
5.0368 4.5658
5.0378 4.5666
5.0388 4.5674
5.0398 4.5683
5.0408 4.5693
5.0418 4.5703
5.0428 4.5713
5.0438 4.5724
5.0448 4.5735
5.0458 4.5747
5.0468 4.5759
5.0478 4.5771
5.0488 4.5784
5.0498 4.5797
5.0508 4.5811
5.0518 4.5825
5.0528 4.5839
5.0538 4.5854
5.0548 4.5869
5.0558 4.5884
5.0568 4.5900
5.0578 4.5916
5.0588 4.5932
5.0598 4.5949
5.0608 4.5965
5.0618 4.5982
5.0628 4.6000
5.0638 4.6017
5.0648 4.6035
5.0658 4.6053
5.0668 4.6071
5.0678 4.6089
5.0688 4.6108
5.0698 4.6127
5.0708 4.6146
5.0718 4.6165
5.0728 4.6184
5.0738 4.6203
5.0748 4.6223
5.0758 4.6242
5.0768 4.6262
5.0778 4.6282
5.0788 4.6301
5.0798 4.6321
5.0808 4.6341
5.0818 4.6361
5.0828 4.6381
5.0838 4.6401
5.0848 4.6421
5.0858 4.6442
5.0868 4.6462
5.0878 4.6482
5.0888 4.6502
5.0898 4.6522
5.0908 4.6542
5.0918 4.6562
5.0928 4.6582
5.0938 4.6601
5.0948 4.6621
5.0958 4.6641
5.0968 4.6660
5.0978 4.6680
5.0988 4.6699
5.0998 4.6718
5.1008 4.6737
5.1018 4.6756
5.1028 4.6775
5.1038 4.6794
5.1048 4.6812
5.1058 4.6830
5.1068 4.6848
5.1078 4.6866
5.1088 4.6884
5.1098 4.6901
5.1108 4.6919
5.1118 4.6936
5.1128 4.6952
5.1138 4.6969
5.1148 4.6985
5.1158 4.7001
5.1168 4.7017
5.1178 4.7033
5.1188 4.7048
5.1198 4.7063
5.1208 4.7077
5.1218 4.7092
5.1228 4.7106
5.1238 4.7119
5.1248 4.7133
5.1258 4.7146
5.1268 4.7159
5.1278 4.7171
5.1288 4.7183
5.1298 4.7195
5.1308 4.7207
5.1318 4.7218
5.1328 4.7228
5.1338 4.7239
5.1348 4.7249
5.1358 4.7258
5.1368 4.7267
5.1378 4.7276
5.1388 4.7285
5.1398 4.7293
5.1408 4.7300
5.1418 4.7307
5.1428 4.7314
5.1438 4.7321
5.1448 4.7327
5.1458 4.7332
5.1468 4.7337
5.1478 4.7342
5.1488 4.7346
5.1498 4.7350
5.1508 4.7354
5.1518 4.7357
5.1528 4.7359
5.1538 4.7361
5.1548 4.7363
5.1558 4.7364
5.1568 4.7365
5.1578 4.7365
5.1588 4.7365
5.1598 4.7365
5.1608 4.7363
5.1618 4.7362
5.1628 4.7360
5.1638 4.7357
5.1648 4.7354
5.1658 4.7351
5.1668 4.7347
5.1678 4.7343
5.1688 4.7338
5.1698 4.7332
5.1708 4.7326
5.1718 4.7320
5.1728 4.7313
5.1738 4.7306
5.1748 4.7298
5.1758 4.7290
5.1768 4.7281
5.1778 4.7271
5.1788 4.7262
5.1798 4.7251
5.1808 4.7240
5.1818 4.7229
5.1828 4.7217
5.1838 4.7205
5.1848 4.7192
5.1858 4.7179
5.1868 4.7165
5.1878 4.7150
5.1888 4.7135
5.1898 4.7120
5.1908 4.7104
5.1918 4.7088
5.1928 4.7071
5.1938 4.7053
5.1948 4.7035
5.1958 4.7016
5.1968 4.6997
5.1978 4.6978
5.1988 4.6958
5.1998 4.6937
5.2008 4.6916
5.2018 4.6894
5.2028 4.6872
5.2038 4.6849
5.2048 4.6826
5.2058 4.6802
5.2068 4.6778
5.2078 4.6753
5.2088 4.6727
5.2098 4.6701
5.2108 4.6675
5.2118 4.6648
5.2128 4.6620
5.2138 4.6592
5.2148 4.6563
5.2158 4.6534
5.2168 4.6504
5.2178 4.6474
5.2188 4.6443
5.2198 4.6412
5.2208 4.6380
5.2218 4.6347
5.2228 4.6314
5.2238 4.6280
5.2248 4.6246
5.2258 4.6212
5.2268 4.6176
5.2278 4.6141
5.2288 4.6104
5.2298 4.6067
5.2308 4.6030
5.2318 4.5992
5.2328 4.5953
5.2338 4.5914
5.2348 4.5874
5.2358 4.5834
5.2368 4.5793
5.2378 4.5752
5.2388 4.5710
5.2398 4.5668
5.2408 4.5625
5.2418 4.5581
5.2428 4.5537
5.2438 4.5492
5.2448 4.5447
5.2458 4.5401
5.2468 4.5355
5.2478 4.5308
5.2488 4.5260
5.2498 4.5212
5.2508 4.5164
5.2518 4.5115
5.2528 4.5065
5.2538 4.5015
5.2548 4.4964
5.2558 4.4912
5.2568 4.4860
5.2578 4.4808
5.2588 4.4755
5.2598 4.4701
5.2608 4.4647
5.2618 4.4592
5.2628 4.4537
5.2638 4.4481
5.2648 4.4425
5.2658 4.4368
5.2668 4.4311
5.2678 4.4253
5.2688 4.4194
5.2698 4.4135
5.2708 4.4075
5.2718 4.4015
5.2728 4.3954
5.2738 4.3893
5.2748 4.3831
5.2758 4.3769
5.2768 4.3706
5.2778 4.3643
5.2788 4.3579
5.2798 4.3514
5.2808 4.3449
5.2818 4.3384
5.2828 4.3318
5.2838 4.3251
5.2848 4.3184
5.2858 4.3117
5.2868 4.3048
5.2878 4.2980
5.2888 4.2911
5.2898 4.2841
5.2908 4.2771
5.2918 4.2700
5.2928 4.2629
5.2938 4.2558
5.2948 4.2486
5.2958 4.2413
5.2968 4.2340
5.2978 4.2267
5.2988 4.2192
5.2998 4.2118
5.3008 4.2043
5.3018 4.1968
5.3028 4.1892
5.3038 4.1815
5.3048 4.1739
5.3058 4.1661
5.3068 4.1584
5.3078 4.1506
5.3088 4.1427
5.3098 4.1348
5.3108 4.1269
5.3118 4.1189
5.3128 4.1108
5.3138 4.1028
5.3148 4.0947
5.3158 4.0865
5.3168 4.0783
5.3178 4.0701
5.3188 4.0618
5.3198 4.0535
5.3208 4.0451
5.3218 4.0367
5.3228 4.0283
5.3238 4.0198
5.3248 4.0113
5.3258 4.0028
5.3268 3.9942
5.3278 3.9856
5.3288 3.9769
5.3298 3.9682
5.3308 3.9595
5.3318 3.9508
5.3328 3.9420
5.3338 3.9331
5.3348 3.9243
5.3358 3.9154
5.3368 3.9065
5.3378 3.8975
5.3388 3.8885
5.3398 3.8795
5.3408 3.8705
5.3418 3.8614
5.3428 3.8523
5.3438 3.8432
5.3448 3.8340
5.3458 3.8248
5.3468 3.8156
5.3478 3.8064
5.3488 3.7971
5.3498 3.7878
5.3508 3.7785
5.3518 3.7692
5.3528 3.7598
5.3538 3.7504
5.3548 3.7410
5.3558 3.7315
5.3568 3.7221
5.3578 3.7126
5.3588 3.7031
5.3598 3.6936
5.3608 3.6840
5.3618 3.6745
5.3628 3.6649
5.3638 3.6553
5.3648 3.6456
5.3658 3.6360
5.3668 3.6263
5.3678 3.6167
5.3688 3.6070
5.3698 3.5973
5.3708 3.5875
5.3718 3.5778
5.3728 3.5680
5.3738 3.5582
5.3748 3.5485
5.3758 3.5387
5.3768 3.5288
5.3778 3.5190
5.3788 3.5092
5.3798 3.4993
5.3808 3.4894
5.3818 3.4796
5.3828 3.4697
5.3838 3.4598
5.3848 3.4499
5.3858 3.4399
5.3868 3.4300
5.3878 3.4201
5.3888 3.4101
5.3898 3.4002
5.3908 3.3902
5.3918 3.3803
5.3928 3.3703
5.3938 3.3603
5.3948 3.3503
5.3958 3.3403
5.3968 3.3303
5.3978 3.3203
5.3988 3.3103
5.3998 3.3003
5.4009 3.2903
5.4019 3.2803
5.4029 3.2703
5.4039 3.2603
5.4049 3.2503
5.4059 3.2403
5.4069 3.2302
5.4079 3.2202
5.4089 3.2102
5.4099 3.2002
5.4109 3.1902
5.4119 3.1802
5.4129 3.1702
5.4139 3.1602
5.4149 3.1501
5.4159 3.1401
5.4169 3.1302
5.4179 3.1202
5.4189 3.1102
5.4199 3.1002
5.4209 3.0902
5.4219 3.0803
5.4229 3.0703
5.4239 3.0603
5.4249 3.0504
5.4259 3.0405
5.4269 3.0305
5.4279 3.0206
5.4289 3.0107
5.4299 3.0008
5.4309 2.9909
5.4319 2.9811
5.4329 2.9712
5.4339 2.9613
5.4349 2.9515
5.4359 2.9417
5.4369 2.9319
5.4379 2.9221
5.4389 2.9123
5.4399 2.9025
5.4409 2.8928
5.4419 2.8830
5.4429 2.8733
5.4439 2.8636
5.4449 2.8539
5.4459 2.8442
5.4469 2.8346
5.4479 2.8250
5.4489 2.8153
5.4499 2.8058
5.4509 2.7962
5.4519 2.7866
5.4529 2.7771
5.4539 2.7676
5.4549 2.7581
5.4559 2.7486
5.4569 2.7392
5.4579 2.7298
5.4589 2.7204
5.4599 2.7110
5.4609 2.7017
5.4619 2.6924
5.4629 2.6831
5.4639 2.6738
5.4649 2.6646
5.4659 2.6554
5.4669 2.6462
5.4679 2.6370
5.4689 2.6279
5.4699 2.6188
5.4709 2.6097
5.4719 2.6007
5.4729 2.5917
5.4739 2.5827
5.4749 2.5738
5.4759 2.5649
5.4769 2.5560
5.4779 2.5471
5.4789 2.5383
5.4799 2.5295
5.4809 2.5208
5.4819 2.5121
5.4829 2.5034
5.4839 2.4947
5.4849 2.4861
5.4859 2.4776
5.4869 2.4690
5.4879 2.4605
5.4889 2.4520
5.4899 2.4436
5.4909 2.4352
5.4919 2.4269
5.4929 2.4185
5.4939 2.4103
5.4949 2.4020
5.4959 2.3938
5.4969 2.3857
5.4979 2.3775
5.4989 2.3695
5.4999 2.3614
5.5009 2.3534
5.5019 2.3454
5.5029 2.3375
5.5039 2.3296
5.5049 2.3218
5.5059 2.3140
5.5069 2.3062
5.5079 2.2985
5.5089 2.2908
5.5099 2.2832
5.5109 2.2756
5.5119 2.2681
5.5129 2.2606
5.5139 2.2531
5.5149 2.2457
5.5159 2.2383
5.5169 2.2310
5.5179 2.2237
5.5189 2.2164
5.5199 2.2092
5.5209 2.2020
5.5219 2.1949
5.5229 2.1878
5.5239 2.1808
5.5249 2.1738
5.5259 2.1669
5.5269 2.1600
5.5279 2.1531
5.5289 2.1463
5.5299 2.1395
5.5309 2.1328
5.5319 2.1261
5.5329 2.1195
5.5339 2.1129
5.5349 2.1063
5.5359 2.0998
5.5369 2.0934
5.5379 2.0869
5.5389 2.0806
5.5399 2.0742
5.5409 2.0679
5.5419 2.0617
5.5429 2.0555
5.5439 2.0493
5.5449 2.0432
5.5459 2.0371
5.5469 2.0311
5.5479 2.0251
5.5489 2.0191
5.5499 2.0132
5.5509 2.0074
5.5519 2.0015
5.5529 1.9957
5.5539 1.9900
5.5549 1.9843
5.5559 1.9786
5.5569 1.9730
5.5579 1.9674
5.5589 1.9619
5.5599 1.9564
5.5609 1.9509
5.5619 1.9455
5.5629 1.9401
5.5639 1.9348
5.5649 1.9295
5.5659 1.9242
5.5669 1.9190
5.5679 1.9138
5.5689 1.9087
5.5699 1.9035
5.5709 1.8985
5.5719 1.8934
5.5729 1.8884
5.5739 1.8835
5.5749 1.8785
5.5759 1.8736
5.5769 1.8688
5.5779 1.8640
5.5789 1.8592
5.5799 1.8544
5.5809 1.8497
5.5819 1.8450
5.5829 1.8404
5.5839 1.8358
5.5849 1.8312
5.5859 1.8266
5.5869 1.8221
5.5879 1.8176
5.5889 1.8132
5.5899 1.8088
5.5909 1.8044
5.5919 1.8000
5.5929 1.7957
5.5939 1.7914
5.5949 1.7871
5.5959 1.7829
5.5969 1.7787
5.5979 1.7745
5.5989 1.7703
5.5999 1.7662
5.6009 1.7621
5.6019 1.7581
5.6029 1.7540
5.6039 1.7500
5.6049 1.7460
5.6059 1.7421
5.6069 1.7381
5.6079 1.7342
5.6089 1.7303
5.6099 1.7265
5.6109 1.7227
5.6119 1.7189
5.6129 1.7151
5.6139 1.7113
5.6149 1.7076
5.6159 1.7039
5.6169 1.7002
5.6179 1.6965
5.6189 1.6929
5.6199 1.6892
5.6209 1.6856
5.6219 1.6821
5.6229 1.6785
5.6239 1.6750
5.6249 1.6715
5.6259 1.6680
5.6269 1.6645
5.6279 1.6610
5.6289 1.6576
5.6299 1.6542
5.6309 1.6508
5.6319 1.6474
5.6329 1.6440
5.6339 1.6407
5.6349 1.6373
5.6359 1.6340
5.6369 1.6307
5.6379 1.6275
5.6389 1.6242
5.6399 1.6210
5.6409 1.6177
5.6419 1.6145
5.6429 1.6113
5.6439 1.6081
5.6449 1.6050
5.6459 1.6018
5.6469 1.5987
5.6479 1.5955
5.6489 1.5924
5.6499 1.5893
5.6509 1.5862
5.6519 1.5832
5.6529 1.5801
5.6539 1.5770
5.6549 1.5740
5.6559 1.5710
5.6569 1.5680
5.6579 1.5650
5.6589 1.5620
5.6599 1.5590
5.6609 1.5560
5.6619 1.5531
5.6629 1.5501
5.6639 1.5472
5.6649 1.5442
5.6659 1.5413
5.6669 1.5384
5.6679 1.5355
5.6689 1.5326
5.6699 1.5297
5.6709 1.5268
5.6719 1.5239
5.6729 1.5211
5.6739 1.5182
5.6749 1.5153
5.6759 1.5125
5.6769 1.5097
5.6779 1.5068
5.6789 1.5040
5.6799 1.5012
5.6809 1.4983
5.6819 1.4955
5.6829 1.4927
5.6839 1.4899
5.6849 1.4871
5.6859 1.4843
5.6869 1.4815
5.6879 1.4787
5.6889 1.4760
5.6899 1.4732
5.6909 1.4704
5.6919 1.4676
5.6929 1.4648
5.6939 1.4621
5.6949 1.4593
5.6959 1.4565
5.6969 1.4538
5.6979 1.4510
5.6989 1.4482
5.6999 1.4455
5.7009 1.4427
5.7019 1.4399
5.7029 1.4372
5.7039 1.4344
5.7049 1.4317
5.7059 1.4289
5.7069 1.4261
5.7079 1.4234
5.7089 1.4206
5.7099 1.4178
5.7109 1.4151
5.7119 1.4123
5.7129 1.4095
5.7139 1.4067
5.7149 1.4040
5.7159 1.4012
5.7169 1.3984
5.7179 1.3956
5.7189 1.3928
5.7199 1.3900
5.7209 1.3872
5.7219 1.3844
5.7229 1.3816
5.7239 1.3788
5.7249 1.3760
5.7259 1.3732
5.7269 1.3703
5.7279 1.3675
5.7289 1.3647
5.7299 1.3618
5.7309 1.3590
5.7319 1.3561
5.7329 1.3533
5.7339 1.3504
5.7349 1.3475
5.7359 1.3447
5.7369 1.3418
5.7379 1.3389
5.7389 1.3360
5.7399 1.3331
5.7409 1.3302
5.7419 1.3272
5.7429 1.3243
5.7439 1.3214
5.7449 1.3184
5.7459 1.3155
5.7469 1.3125
5.7479 1.3095
5.7489 1.3066
5.7499 1.3036
5.7509 1.3006
5.7519 1.2976
5.7529 1.2946
5.7539 1.2915
5.7549 1.2885
5.7559 1.2855
5.7569 1.2824
5.7579 1.2793
5.7589 1.2763
5.7599 1.2732
5.7609 1.2701
5.7619 1.2670
5.7629 1.2639
5.7639 1.2608
5.7649 1.2576
5.7659 1.2545
5.7669 1.2513
5.7679 1.2482
5.7689 1.2450
5.7699 1.2418
5.7709 1.2386
5.7719 1.2354
5.7729 1.2322
5.7739 1.2290
5.7749 1.2258
5.7759 1.2225
5.7769 1.2192
5.7779 1.2160
5.7789 1.2127
5.7799 1.2094
5.7809 1.2061
5.7819 1.2028
5.7829 1.1995
5.7839 1.1962
5.7849 1.1928
5.7859 1.1895
5.7869 1.1861
5.7879 1.1827
5.7889 1.1793
5.7899 1.1759
5.7909 1.1725
5.7919 1.1691
5.7929 1.1657
5.7939 1.1623
5.7949 1.1588
5.7959 1.1554
5.7969 1.1519
5.7979 1.1484
5.7989 1.1449
5.7999 1.1414
5.8010 1.1379
5.8020 1.1344
5.8030 1.1309
5.8040 1.1274
5.8050 1.1238
5.8060 1.1203
5.8070 1.1167
5.8080 1.1131
5.8090 1.1096
5.8100 1.1060
5.8110 1.1024
5.8120 1.0988
5.8130 1.0952
5.8140 1.0916
5.8150 1.0879
5.8160 1.0843
5.8170 1.0807
5.8180 1.0770
5.8190 1.0733
5.8200 1.0697
5.8210 1.0660
5.8220 1.0623
5.8230 1.0587
5.8240 1.0550
5.8250 1.0513
5.8260 1.0476
5.8270 1.0439
5.8280 1.0401
5.8290 1.0364
5.8300 1.0327
5.8310 1.0290
5.8320 1.0252
5.8330 1.0215
5.8340 1.0178
5.8350 1.0140
5.8360 1.0103
5.8370 1.0065
5.8380 1.0027
5.8390 0.9990
5.8400 0.9952
5.8410 0.9914
5.8420 0.9877
5.8430 0.9839
5.8440 0.9801
5.8450 0.9764
5.8460 0.9726
5.8470 0.9688
5.8480 0.9650
5.8490 0.9612
5.8500 0.9574
5.8510 0.9537
5.8520 0.9499
5.8530 0.9461
5.8540 0.9423
5.8550 0.9385
5.8560 0.9347
5.8570 0.9309
5.8580 0.9272
5.8590 0.9234
5.8600 0.9196
5.8610 0.9158
5.8620 0.9120
5.8630 0.9083
5.8640 0.9045
5.8650 0.9007
5.8660 0.8969
5.8670 0.8932
5.8680 0.8894
5.8690 0.8857
5.8700 0.8819
5.8710 0.8781
5.8720 0.8744
5.8730 0.8707
5.8740 0.8669
5.8750 0.8632
5.8760 0.8594
5.8770 0.8557
5.8780 0.8520
5.8790 0.8483
5.8800 0.8446
5.8810 0.8409
5.8820 0.8372
5.8830 0.8335
5.8840 0.8298
5.8850 0.8261
5.8860 0.8225
5.8870 0.8188
5.8880 0.8152
5.8890 0.8115
5.8900 0.8079
5.8910 0.8042
5.8920 0.8006
5.8930 0.7970
5.8940 0.7934
5.8950 0.7898
5.8960 0.7862
5.8970 0.7827
5.8980 0.7791
5.8990 0.7755
5.9000 0.7720
5.9010 0.7684
5.9020 0.7649
5.9030 0.7614
5.9040 0.7579
5.9050 0.7544
5.9060 0.7509
5.9070 0.7474
5.9080 0.7440
5.9090 0.7405
5.9100 0.7371
5.9110 0.7336
5.9120 0.7302
5.9130 0.7268
5.9140 0.7234
5.9150 0.7201
5.9160 0.7167
5.9170 0.7133
5.9180 0.7100
5.9190 0.7067
5.9200 0.7033
5.9210 0.7000
5.9220 0.6967
5.9230 0.6935
5.9240 0.6902
5.9250 0.6869
5.9260 0.6837
5.9270 0.6805
5.9280 0.6773
5.9290 0.6741
5.9300 0.6709
5.9310 0.6677
5.9320 0.6646
5.9330 0.6614
5.9340 0.6583
5.9350 0.6552
5.9360 0.6521
5.9370 0.6490
5.9380 0.6460
5.9390 0.6429
5.9400 0.6399
5.9410 0.6368
5.9420 0.6338
5.9430 0.6308
5.9440 0.6279
5.9450 0.6249
5.9460 0.6220
5.9470 0.6190
5.9480 0.6161
5.9490 0.6132
5.9500 0.6103
5.9510 0.6075
5.9520 0.6046
5.9530 0.6018
5.9540 0.5990
5.9550 0.5961
5.9560 0.5934
5.9570 0.5906
5.9580 0.5878
5.9590 0.5851
5.9600 0.5824
5.9610 0.5796
5.9620 0.5769
5.9630 0.5743
5.9640 0.5716
5.9650 0.5690
5.9660 0.5663
5.9670 0.5637
5.9680 0.5611
5.9690 0.5585
5.9700 0.5559
5.9710 0.5534
5.9720 0.5509
5.9730 0.5483
5.9740 0.5458
5.9750 0.5433
5.9760 0.5409
5.9770 0.5384
5.9780 0.5360
5.9790 0.5335
5.9800 0.5311
5.9810 0.5287
5.9820 0.5263
5.9830 0.5240
5.9840 0.5216
5.9850 0.5193
5.9860 0.5170
5.9870 0.5147
5.9880 0.5124
5.9890 0.5101
5.9900 0.5078
5.9910 0.5056
5.9920 0.5034
5.9930 0.5011
5.9940 0.4989
5.9950 0.4968
5.9960 0.4946
5.9970 0.4924
5.9980 0.4903
5.9990 0.4882
6.0000 0.4860
