2.0000 0.0000
2.0010 0.0000
2.0020 0.0000
2.0030 0.0000
2.0040 0.0000
2.0050 0.0000
2.0060 0.0000
2.0070 0.0000
2.0080 0.0000
2.0090 0.0000
2.0100 0.0000
2.0110 0.0000
2.0120 0.0000
2.0130 0.0000
2.0140 0.0000
2.0150 0.0000
2.0160 0.0000
2.0170 0.0000
2.0180 0.0000
2.0190 0.0000
2.0200 0.0000
2.0210 0.0000
2.0220 0.0000
2.0230 0.0000
2.0240 0.0000
2.0250 0.0000
2.0260 0.0000
2.0270 0.0000
2.0280 0.0000
2.0290 0.0000
2.0300 0.0000
2.0310 0.0000
2.0320 0.0000
2.0330 0.0000
2.0340 0.0000
2.0350 0.0000
2.0360 0.0000
2.0370 0.0000
2.0380 0.0000
2.0390 0.0000
2.0400 0.0000
2.0410 0.0000
2.0420 0.0000
2.0430 0.0000
2.0440 0.0000
2.0450 0.0000
2.0460 0.0000
2.0470 0.0000
2.0480 0.0000
2.0490 0.0000
2.0500 0.0000
2.0510 0.0000
2.0520 0.0000
2.0530 0.0000
2.0540 0.0000
2.0550 0.0000
2.0560 0.0000
2.0570 0.0000
2.0580 0.0000
2.0590 0.0000
2.0600 0.0000
2.0610 0.0000
2.0620 0.0000
2.0630 0.0000
2.0640 0.0000
2.0650 0.0000
2.0660 0.0000
2.0670 0.0000
2.0680 0.0000
2.0690 0.0000
2.0700 0.0000
2.0710 0.0000
2.0720 0.0000
2.0730 0.0000
2.0740 0.0000
2.0750 0.0000
2.0760 0.0000
2.0770 0.0000
2.0780 0.0000
2.0790 0.0000
2.0800 0.0000
2.0810 0.0000
2.0820 0.0000
2.0830 0.0000
2.0840 0.0000
2.0850 0.0000
2.0860 0.0000
2.0870 0.0000
2.0880 0.0000
2.0890 0.0000
2.0900 0.0000
2.0910 0.0000
2.0920 0.0000
2.0930 0.0000
2.0940 0.0000
2.0950 0.0000
2.0960 0.0000
2.0970 0.0000
2.0980 0.0000
2.0990 0.0000
2.1000 0.0000
2.1010 0.0000
2.1020 0.0000
2.1030 0.0000
2.1040 0.0000
2.1050 0.0000
2.1060 0.0000
2.1070 0.0000
2.1080 0.0000
2.1090 0.0000
2.1100 0.0000
2.1110 0.0000
2.1120 0.0000
2.1130 0.0000
2.1140 0.0000
2.1150 0.0000
2.1160 0.0000
2.1170 0.0000
2.1180 0.0000
2.1190 0.0000
2.1200 0.0000
2.1210 0.0000
2.1220 0.0000
2.1230 0.0000
2.1240 0.0000
2.1250 0.0000
2.1260 0.0000
2.1270 0.0000
2.1280 0.0000
2.1290 0.0000
2.1300 0.0000
2.1310 0.0000
2.1320 0.0000
2.1330 0.0000
2.1340 0.0000
2.1350 0.0000
2.1360 0.0000
2.1370 0.0000
2.1380 0.0000
2.1390 0.0000
2.1400 0.0000
2.1410 0.0000
2.1420 0.0000
2.1430 0.0000
2.1440 0.0000
2.1450 0.0000
2.1460 0.0000
2.1470 0.0000
2.1480 0.0000
2.1490 0.0000
2.1500 0.0000
2.1510 0.0000
2.1520 0.0000
2.1530 0.0000
2.1540 0.0000
2.1550 0.0000
2.1560 0.0000
2.1570 0.0000
2.1580 0.0000
2.1590 0.0000
2.1600 0.0000
2.1610 0.0000
2.1620 0.0000
2.1630 0.0000
2.1640 0.0000
2.1650 0.0000
2.1660 0.0000
2.1670 0.0000
2.1680 0.0000
2.1690 0.0000
2.1700 0.0000
2.1710 0.0000
2.1720 0.0000
2.1730 0.0000
2.1740 0.0000
2.1750 0.0000
2.1760 0.0000
2.1770 0.0000
2.1780 0.0000
2.1790 0.0000
2.1800 0.0000
2.1810 0.0000
2.1820 0.0000
2.1830 0.0000
2.1840 0.0000
2.1850 0.0000
2.1860 0.0000
2.1870 0.0000
2.1880 0.0000
2.1890 0.0000
2.1900 0.0000
2.1910 0.0000
2.1920 0.0000
2.1930 0.0000
2.1940 0.0000
2.1950 0.0000
2.1960 0.0000
2.1970 0.0000
2.1980 0.0000
2.1990 0.0000
2.2001 0.0000
2.2011 0.0000
2.2021 0.0000
2.2031 0.0000
2.2041 0.0000
2.2051 0.0000
2.2061 0.0000
2.2071 0.0000
2.2081 0.0000
2.2091 0.0000
2.2101 0.0000
2.2111 0.0000
2.2121 0.0000
2.2131 0.0000
2.2141 0.0000
2.2151 0.0000
2.2161 0.0000
2.2171 0.0000
2.2181 0.0000
2.2191 0.0000
2.2201 0.0000
2.2211 0.0000
2.2221 0.0000
2.2231 0.0000
2.2241 0.0000
2.2251 0.0000
2.2261 0.0000
2.2271 0.0000
2.2281 0.0000
2.2291 0.0000
2.2301 0.0000
2.2311 0.0000
2.2321 0.0000
2.2331 0.0000
2.2341 0.0000
2.2351 0.0000
2.2361 0.0000
2.2371 0.0000
2.2381 0.0000
2.2391 0.0000
2.2401 0.0000
2.2411 0.0000
2.2421 0.0000
2.2431 0.0000
2.2441 0.0000
2.2451 0.0000
2.2461 0.0000
2.2471 0.0000
2.2481 0.0000
2.2491 0.0000
2.2501 0.0000
2.2511 0.0000
2.2521 0.0000
2.2531 0.0000
2.2541 0.0000
2.2551 0.0000
2.2561 0.0000
2.2571 0.0000
2.2581 0.0000
2.2591 0.0000
2.2601 0.0000
2.2611 0.0000
2.2621 0.0000
2.2631 0.0000
2.2641 0.0000
2.2651 0.0000
2.2661 0.0000
2.2671 0.0000
2.2681 0.0000
2.2691 0.0000
2.2701 0.0000
2.2711 0.0000
2.2721 0.0000
2.2731 0.0000
2.2741 0.0000
2.2751 0.0000
2.2761 0.0000
2.2771 0.0000
2.2781 0.0000
2.2791 0.0000
2.2801 0.0000
2.2811 0.0000
2.2821 0.0000
2.2831 0.0000
2.2841 0.0000
2.2851 0.0000
2.2861 0.0000
2.2871 0.0000
2.2881 0.0000
2.2891 0.0000
2.2901 0.0000
2.2911 0.0000
2.2921 0.0000
2.2931 0.0000
2.2941 0.0000
2.2951 0.0000
2.2961 0.0000
2.2971 0.0000
2.2981 0.0000
2.2991 0.0000
2.3001 0.0000
2.3011 0.0000
2.3021 0.0000
2.3031 0.0000
2.3041 0.0000
2.3051 0.0000
2.3061 0.0000
2.3071 0.0000
2.3081 0.0000
2.3091 0.0000
2.3101 0.0000
2.3111 0.0000
2.3121 0.0000
2.3131 0.0000
2.3141 0.0000
2.3151 0.0000
2.3161 0.0000
2.3171 0.0000
2.3181 0.0000
2.3191 0.0000
2.3201 0.0000
2.3211 0.0000
2.3221 0.0000
2.3231 0.0000
2.3241 0.0000
2.3251 0.0000
2.3261 0.0000
2.3271 0.0000
2.3281 0.0000
2.3291 0.0000
2.3301 0.0000
2.3311 0.0000
2.3321 0.0000
2.3331 0.0000
2.3341 0.0000
2.3351 0.0000
2.3361 0.0000
2.3371 0.0000
2.3381 0.0000
2.3391 0.0000
2.3401 0.0000
2.3411 0.0000
2.3421 0.0000
2.3431 0.0000
2.3441 0.0000
2.3451 0.0000
2.3461 0.0000
2.3471 0.0000
2.3481 0.0000
2.3491 0.0000
2.3501 0.0000
2.3511 0.0000
2.3521 0.0000
2.3531 0.0000
2.3541 0.0000
2.3551 0.0000
2.3561 0.0000
2.3571 0.0000
2.3581 0.0000
2.3591 0.0000
2.3601 0.0000
2.3611 0.0000
2.3621 0.0000
2.3631 0.0000
2.3641 0.0000
2.3651 0.0000
2.3661 0.0000
2.3671 0.0000
2.3681 0.0000
2.3691 0.0000
2.3701 0.0000
2.3711 0.0000
2.3721 0.0000
2.3731 0.0000
2.3741 0.0000
2.3751 0.0000
2.3761 0.0000
2.3771 0.0000
2.3781 0.0000
2.3791 0.0000
2.3801 0.0000
2.3811 0.0000
2.3821 0.0000
2.3831 0.0000
2.3841 0.0000
2.3851 0.0000
2.3861 0.0000
2.3871 0.0000
2.3881 0.0000
2.3891 0.0000
2.3901 0.0000
2.3911 0.0000
2.3921 0.0000
2.3931 0.0000
2.3941 0.0000
2.3951 0.0000
2.3961 0.0000
2.3971 0.0000
2.3981 0.0000
2.3991 0.0000
2.4001 0.0000
2.4011 0.0000
2.4021 0.0000
2.4031 0.0000
2.4041 0.0000
2.4051 0.0000
2.4061 0.0000
2.4071 0.0000
2.4081 0.0000
2.4091 0.0000
2.4101 0.0000
2.4111 0.0000
2.4121 0.0000
2.4131 0.0000
2.4141 0.0000
2.4151 0.0000
2.4161 0.0000
2.4171 0.0000
2.4181 0.0000
2.4191 0.0000
2.4201 0.0000
2.4211 0.0000
2.4221 0.0000
2.4231 0.0000
2.4241 0.0000
2.4251 0.0000
2.4261 0.0000
2.4271 0.0000
2.4281 0.0000
2.4291 0.0000
2.4301 0.0000
2.4311 0.0000
2.4321 0.0000
2.4331 0.0000
2.4341 0.0000
2.4351 0.0000
2.4361 0.0000
2.4371 0.0000
2.4381 0.0000
2.4391 0.0000
2.4401 0.0000
2.4411 0.0000
2.4421 0.0000
2.4431 0.0000
2.4441 0.0000
2.4451 0.0000
2.4461 0.0000
2.4471 0.0000
2.4481 0.0000
2.4491 0.0000
2.4501 0.0000
2.4511 0.0000
2.4521 0.0000
2.4531 0.0000
2.4541 0.0000
2.4551 0.0000
2.4561 0.0000
2.4571 0.0000
2.4581 0.0000
2.4591 0.0000
2.4601 0.0000
2.4611 0.0000
2.4621 0.0000
2.4631 0.0000
2.4641 0.0000
2.4651 0.0000
2.4661 0.0000
2.4671 0.0000
2.4681 0.0000
2.4691 0.0000
2.4701 0.0000
2.4711 0.0000
2.4721 0.0000
2.4731 0.0000
2.4741 0.0000
2.4751 0.0000
2.4761 0.0000
2.4771 0.0000
2.4781 0.0000
2.4791 0.0000
2.4801 0.0000
2.4811 0.0000
2.4821 0.0000
2.4831 0.0000
2.4841 0.0000
2.4851 0.0000
2.4861 0.0000
2.4871 0.0000
2.4881 0.0000
2.4891 0.0000
2.4901 0.0000
2.4911 0.0000
2.4921 0.0000
2.4931 0.0000
2.4941 0.0000
2.4951 0.0000
2.4961 0.0000
2.4971 0.0000
2.4981 0.0000
2.4991 0.0000
2.5001 0.0000
2.5011 0.0000
2.5021 0.0000
2.5031 0.0000
2.5041 0.0000
2.5051 0.0000
2.5061 0.0000
2.5071 0.0000
2.5081 0.0000
2.5091 0.0000
2.5101 0.0000
2.5111 0.0000
2.5121 0.0000
2.5131 0.0000
2.5141 0.0000
2.5151 0.0000
2.5161 0.0000
2.5171 0.0000
2.5181 0.0000
2.5191 0.0000
2.5201 0.0000
2.5211 0.0000
2.5221 0.0000
2.5231 0.0000
2.5241 0.0000
2.5251 0.0000
2.5261 0.0000
2.5271 0.0000
2.5281 0.0000
2.5291 0.0000
2.5301 0.0000
2.5311 0.0000
2.5321 0.0000
2.5331 0.0000
2.5341 0.0000
2.5351 0.0000
2.5361 0.0000
2.5371 0.0000
2.5381 0.0000
2.5391 0.0000
2.5401 0.0000
2.5411 0.0000
2.5421 0.0000
2.5431 0.0000
2.5441 0.0000
2.5451 0.0000
2.5461 0.0000
2.5471 0.0000
2.5481 0.0000
2.5491 0.0000
2.5501 0.0000
2.5511 0.0000
2.5521 0.0000
2.5531 0.0000
2.5541 0.0000
2.5551 0.0000
2.5561 0.0000
2.5571 0.0000
2.5581 0.0000
2.5591 0.0000
2.5601 0.0000
2.5611 0.0000
2.5621 0.0000
2.5631 0.0000
2.5641 0.0000
2.5651 0.0000
2.5661 0.0000
2.5671 0.0000
2.5681 0.0000
2.5691 0.0000
2.5701 0.0000
2.5711 0.0000
2.5721 0.0000
2.5731 0.0000
2.5741 0.0000
2.5751 0.0000
2.5761 0.0000
2.5771 0.0000
2.5781 0.0000
2.5791 0.0000
2.5801 0.0000
2.5811 0.0000
2.5821 0.0000
2.5831 0.0000
2.5841 0.0000
2.5851 0.0000
2.5861 0.0000
2.5871 0.0000
2.5881 0.0000
2.5891 0.0000
2.5901 0.0000
2.5911 0.0000
2.5921 0.0000
2.5931 0.0000
2.5941 0.0000
2.5951 0.0000
2.5961 0.0000
2.5971 0.0000
2.5981 0.0000
2.5991 0.0000
2.6002 0.0000
2.6012 0.0000
2.6022 0.0000
2.6032 0.0000
2.6042 0.0000
2.6052 0.0000
2.6062 0.0000
2.6072 0.0000
2.6082 0.0000
2.6092 0.0000
2.6102 0.0000
2.6112 0.0000
2.6122 0.0000
2.6132 0.0000
2.6142 0.0000
2.6152 0.0000
2.6162 0.0000
2.6172 0.0000
2.6182 0.0000
2.6192 0.0000
2.6202 0.0000
2.6212 0.0000
2.6222 0.0000
2.6232 0.0000
2.6242 0.0000
2.6252 0.0000
2.6262 0.0000
2.6272 0.0000
2.6282 0.0000
2.6292 0.0000
2.6302 0.0000
2.6312 0.0000
2.6322 0.0000
2.6332 0.0000
2.6342 0.0000
2.6352 0.0000
2.6362 0.0000
2.6372 0.0000
2.6382 0.0000
2.6392 0.0000
2.6402 0.0000
2.6412 0.0000
2.6422 0.0000
2.6432 0.0000
2.6442 0.0000
2.6452 0.0000
2.6462 0.0000
2.6472 0.0000
2.6482 0.0000
2.6492 0.0000
2.6502 0.0000
2.6512 0.0000
2.6522 0.0000
2.6532 0.0000
2.6542 0.0000
2.6552 0.0000
2.6562 0.0000
2.6572 0.0000
2.6582 0.0000
2.6592 0.0000
2.6602 0.0000
2.6612 0.0000
2.6622 0.0000
2.6632 0.0000
2.6642 0.0000
2.6652 0.0000
2.6662 0.0000
2.6672 0.0000
2.6682 0.0000
2.6692 0.0000
2.6702 0.0000
2.6712 0.0000
2.6722 0.0000
2.6732 0.0000
2.6742 0.0000
2.6752 0.0000
2.6762 0.0000
2.6772 0.0000
2.6782 0.0000
2.6792 0.0000
2.6802 0.0000
2.6812 0.0000
2.6822 0.0000
2.6832 0.0000
2.6842 0.0000
2.6852 0.0000
2.6862 0.0000
2.6872 0.0000
2.6882 0.0000
2.6892 0.0000
2.6902 0.0000
2.6912 0.0000
2.6922 0.0000
2.6932 0.0000
2.6942 0.0000
2.6952 0.0000
2.6962 0.0000
2.6972 0.0000
2.6982 0.0000
2.6992 0.0000
2.7002 0.0000
2.7012 0.0000
2.7022 0.0000
2.7032 0.0000
2.7042 0.0000
2.7052 0.0000
2.7062 0.0000
2.7072 0.0000
2.7082 0.0000
2.7092 0.0000
2.7102 0.0000
2.7112 0.0000
2.7122 0.0000
2.7132 0.0000
2.7142 0.0000
2.7152 0.0000
2.7162 0.0000
2.7172 0.0000
2.7182 0.0000
2.7192 0.0000
2.7202 0.0000
2.7212 0.0000
2.7222 0.0000
2.7232 0.0000
2.7242 0.0000
2.7252 0.0000
2.7262 0.0000
2.7272 0.0000
2.7282 0.0000
2.7292 0.0000
2.7302 0.0000
2.7312 0.0000
2.7322 0.0000
2.7332 0.0000
2.7342 0.0000
2.7352 0.0000
2.7362 0.0000
2.7372 0.0000
2.7382 0.0000
2.7392 0.0000
2.7402 0.0000
2.7412 0.0000
2.7422 0.0000
2.7432 0.0000
2.7442 0.0000
2.7452 0.0000
2.7462 0.0000
2.7472 0.0000
2.7482 0.0000
2.7492 0.0000
2.7502 0.0000
2.7512 0.0000
2.7522 0.0000
2.7532 0.0000
2.7542 0.0000
2.7552 0.0000
2.7562 0.0000
2.7572 0.0000
2.7582 0.0000
2.7592 0.0000
2.7602 0.0000
2.7612 0.0000
2.7622 0.0000
2.7632 0.0000
2.7642 0.0000
2.7652 0.0000
2.7662 0.0000
2.7672 0.0000
2.7682 0.0000
2.7692 0.0000
2.7702 0.0000
2.7712 0.0000
2.7722 0.0000
2.7732 0.0000
2.7742 0.0000
2.7752 0.0000
2.7762 0.0000
2.7772 0.0000
2.7782 0.0000
2.7792 0.0000
2.7802 0.0000
2.7812 0.0000
2.7822 0.0000
2.7832 0.0000
2.7842 0.0000
2.7852 0.0000
2.7862 0.0000
2.7872 0.0000
2.7882 0.0000
2.7892 0.0000
2.7902 0.0000
2.7912 0.0000
2.7922 0.0000
2.7932 0.0000
2.7942 0.0000
2.7952 0.0000
2.7962 0.0000
2.7972 0.0000
2.7982 0.0000
2.7992 0.0000
2.8002 0.0000
2.8012 0.0000
2.8022 0.0000
2.8032 0.0000
2.8042 0.0000
2.8052 0.0000
2.8062 0.0000
2.8072 0.0000
2.8082 0.0000
2.8092 0.0000
2.8102 0.0000
2.8112 0.0000
2.8122 0.0000
2.8132 0.0000
2.8142 0.0000
2.8152 0.0000
2.8162 0.0000
2.8172 0.0000
2.8182 0.0000
2.8192 0.0000
2.8202 0.0000
2.8212 0.0000
2.8222 0.0000
2.8232 0.0000
2.8242 0.0000
2.8252 0.0000
2.8262 0.0000
2.8272 0.0000
2.8282 0.0000
2.8292 0.0000
2.8302 0.0000
2.8312 0.0000
2.8322 0.0000
2.8332 0.0000
2.8342 0.0000
2.8352 0.0000
2.8362 0.0000
2.8372 0.0000
2.8382 0.0000
2.8392 0.0000
2.8402 0.0000
2.8412 0.0000
2.8422 0.0000
2.8432 0.0000
2.8442 0.0000
2.8452 0.0000
2.8462 0.0000
2.8472 0.0000
2.8482 0.0000
2.8492 0.0000
2.8502 0.0000
2.8512 0.0000
2.8522 0.0000
2.8532 0.0000
2.8542 0.0000
2.8552 0.0000
2.8562 0.0000
2.8572 0.0000
2.8582 0.0000
2.8592 0.0000
2.8602 0.0000
2.8612 0.0000
2.8622 0.0000
2.8632 0.0000
2.8642 0.0000
2.8652 0.0000
2.8662 0.0000
2.8672 0.0000
2.8682 0.0000
2.8692 0.0000
2.8702 0.0000
2.8712 0.0000
2.8722 0.0000
2.8732 0.0000
2.8742 0.0000
2.8752 0.0000
2.8762 0.0000
2.8772 0.0000
2.8782 0.0000
2.8792 0.0000
2.8802 0.0000
2.8812 0.0000
2.8822 0.0000
2.8832 0.0000
2.8842 0.0000
2.8852 0.0000
2.8862 0.0000
2.8872 0.0000
2.8882 0.0000
2.8892 0.0000
2.8902 0.0000
2.8912 0.0000
2.8922 0.0000
2.8932 0.0000
2.8942 0.0000
2.8952 0.0000
2.8962 0.0000
2.8972 0.0000
2.8982 0.0000
2.8992 0.0000
2.9002 0.0000
2.9012 0.0000
2.9022 0.0000
2.9032 0.0000
2.9042 0.0000
2.9052 0.0000
2.9062 0.0000
2.9072 0.0000
2.9082 0.0000
2.9092 0.0000
2.9102 0.0000
2.9112 0.0000
2.9122 0.0000
2.9132 0.0000
2.9142 0.0000
2.9152 0.0000
2.9162 0.0000
2.9172 0.0000
2.9182 0.0000
2.9192 0.0000
2.9202 0.0000
2.9212 0.0000
2.9222 0.0000
2.9232 0.0000
2.9242 0.0000
2.9252 0.0000
2.9262 0.0000
2.9272 0.0000
2.9282 0.0000
2.9292 0.0000
2.9302 0.0000
2.9312 0.0000
2.9322 0.0000
2.9332 0.0000
2.9342 0.0000
2.9352 0.0000
2.9362 0.0000
2.9372 0.0000
2.9382 0.0000
2.9392 0.0000
2.9402 0.0000
2.9412 0.0000
2.9422 0.0000
2.9432 0.0000
2.9442 0.0000
2.9452 0.0000
2.9462 0.0000
2.9472 0.0000
2.9482 0.0000
2.9492 0.0000
2.9502 0.0000
2.9512 0.0000
2.9522 0.0000
2.9532 0.0000
2.9542 0.0000
2.9552 0.0000
2.9562 0.0000
2.9572 0.0000
2.9582 0.0000
2.9592 0.0000
2.9602 0.0000
2.9612 0.0000
2.9622 0.0000
2.9632 0.0000
2.9642 0.0000
2.9652 0.0000
2.9662 0.0000
2.9672 0.0000
2.9682 0.0000
2.9692 0.0000
2.9702 0.0000
2.9712 0.0000
2.9722 0.0000
2.9732 0.0000
2.9742 0.0000
2.9752 0.0000
2.9762 0.0000
2.9772 0.0000
2.9782 0.0000
2.9792 0.0000
2.9802 0.0000
2.9812 0.0000
2.9822 0.0000
2.9832 0.0000
2.9842 0.0000
2.9852 0.0000
2.9862 0.0000
2.9872 0.0000
2.9882 0.0000
2.9892 0.0000
2.9902 0.0000
2.9912 0.0000
2.9922 0.0000
2.9932 0.0000
2.9942 0.0000
2.9952 0.0000
2.9962 0.0000
2.9972 0.0000
2.9982 0.0000
2.9992 0.0000
3.0003 0.0000
3.0013 0.0000
3.0023 0.0000
3.0033 0.0000
3.0043 0.0000
3.0053 0.0000
3.0063 0.0000
3.0073 0.0000
3.0083 0.0000
3.0093 0.0000
3.0103 0.0000
3.0113 0.0000
3.0123 0.0000
3.0133 0.0000
3.0143 0.0000
3.0153 0.0000
3.0163 0.0000
3.0173 0.0000
3.0183 0.0000
3.0193 0.0000
3.0203 0.0000
3.0213 0.0000
3.0223 0.0000
3.0233 0.0000
3.0243 0.0000
3.0253 0.0000
3.0263 0.0000
3.0273 0.0000
3.0283 0.0000
3.0293 0.0000
3.0303 0.0000
3.0313 0.0000
3.0323 0.0000
3.0333 0.0000
3.0343 0.0000
3.0353 0.0000
3.0363 0.0000
3.0373 0.0000
3.0383 0.0000
3.0393 0.0000
3.0403 0.0000
3.0413 0.0000
3.0423 0.0000
3.0433 0.0000
3.0443 0.0000
3.0453 0.0000
3.0463 0.0000
3.0473 0.0000
3.0483 0.0000
3.0493 0.0000
3.0503 0.0000
3.0513 0.0000
3.0523 0.0000
3.0533 0.0000
3.0543 0.0000
3.0553 0.0000
3.0563 0.0000
3.0573 0.0000
3.0583 0.0000
3.0593 0.0000
3.0603 0.0000
3.0613 0.0000
3.0623 0.0000
3.0633 0.0000
3.0643 0.0000
3.0653 0.0000
3.0663 0.0000
3.0673 0.0000
3.0683 0.0000
3.0693 0.0000
3.0703 0.0000
3.0713 0.0000
3.0723 0.0000
3.0733 0.0000
3.0743 0.0000
3.0753 0.0000
3.0763 0.0000
3.0773 0.0000
3.0783 0.0000
3.0793 0.0000
3.0803 0.0000
3.0813 0.0000
3.0823 0.0000
3.0833 0.0000
3.0843 0.0000
3.0853 0.0000
3.0863 0.0000
3.0873 0.0000
3.0883 0.0000
3.0893 0.0000
3.0903 0.0000
3.0913 0.0000
3.0923 0.0000
3.0933 0.0000
3.0943 0.0000
3.0953 0.0000
3.0963 0.0000
3.0973 0.0000
3.0983 0.0000
3.0993 0.0000
3.1003 0.0000
3.1013 0.0000
3.1023 0.0000
3.1033 0.0000
3.1043 0.0000
3.1053 0.0000
3.1063 0.0000
3.1073 0.0000
3.1083 0.0000
3.1093 0.0000
3.1103 0.0000
3.1113 0.0000
3.1123 0.0000
3.1133 0.0000
3.1143 0.0000
3.1153 0.0000
3.1163 0.0000
3.1173 0.0000
3.1183 0.0000
3.1193 0.0000
3.1203 0.0000
3.1213 0.0000
3.1223 0.0000
3.1233 0.0000
3.1243 0.0000
3.1253 0.0000
3.1263 0.0000
3.1273 0.0000
3.1283 0.0000
3.1293 0.0000
3.1303 0.0000
3.1313 0.0000
3.1323 0.0000
3.1333 0.0000
3.1343 0.0000
3.1353 0.0000
3.1363 0.0000
3.1373 0.0000
3.1383 0.0000
3.1393 0.0000
3.1403 0.0000
3.1413 0.0000
3.1423 0.0000
3.1433 0.0000
3.1443 0.0000
3.1453 0.0000
3.1463 0.0000
3.1473 0.0000
3.1483 0.0000
3.1493 0.0000
3.1503 0.0000
3.1513 0.0000
3.1523 0.0000
3.1533 0.0000
3.1543 0.0000
3.1553 0.0000
3.1563 0.0000
3.1573 0.0000
3.1583 0.0000
3.1593 0.0000
3.1603 0.0000
3.1613 0.0000
3.1623 0.0000
3.1633 0.0000
3.1643 0.0000
3.1653 0.0000
3.1663 0.0000
3.1673 0.0000
3.1683 0.0000
3.1693 0.0000
3.1703 0.0000
3.1713 0.0000
3.1723 0.0000
3.1733 0.0000
3.1743 0.0000
3.1753 0.0000
3.1763 0.0000
3.1773 0.0000
3.1783 0.0000
3.1793 0.0000
3.1803 0.0000
3.1813 0.0000
3.1823 0.0000
3.1833 0.0000
3.1843 0.0000
3.1853 0.0000
3.1863 0.0000
3.1873 0.0000
3.1883 0.0000
3.1893 0.0000
3.1903 0.0000
3.1913 0.0000
3.1923 0.0000
3.1933 0.0000
3.1943 0.0000
3.1953 0.0000
3.1963 0.0000
3.1973 0.0000
3.1983 0.0000
3.1993 0.0000
3.2003 0.0000
3.2013 0.0000
3.2023 0.0000
3.2033 0.0000
3.2043 0.0000
3.2053 0.0000
3.2063 0.0000
3.2073 0.0000
3.2083 0.0000
3.2093 0.0000
3.2103 0.0000
3.2113 0.0000
3.2123 0.0000
3.2133 0.0000
3.2143 0.0000
3.2153 0.0000
3.2163 0.0000
3.2173 0.0000
3.2183 0.0000
3.2193 0.0000
3.2203 0.0000
3.2213 0.0000
3.2223 0.0000
3.2233 0.0000
3.2243 0.0000
3.2253 0.0000
3.2263 0.0000
3.2273 0.0000
3.2283 0.0001
3.2293 0.0001
3.2303 0.0001
3.2313 0.0001
3.2323 0.0001
3.2333 0.0001
3.2343 0.0001
3.2353 0.0001
3.2363 0.0001
3.2373 0.0001
3.2383 0.0001
3.2393 0.0001
3.2403 0.0001
3.2413 0.0001
3.2423 0.0001
3.2433 0.0001
3.2443 0.0001
3.2453 0.0001
3.2463 0.0001
3.2473 0.0001
3.2483 0.0002
3.2493 0.0002
3.2503 0.0002
3.2513 0.0002
3.2523 0.0002
3.2533 0.0002
3.2543 0.0002
3.2553 0.0002
3.2563 0.0002
3.2573 0.0003
3.2583 0.0003
3.2593 0.0003
3.2603 0.0003
3.2613 0.0003
3.2623 0.0003
3.2633 0.0003
3.2643 0.0004
3.2653 0.0004
3.2663 0.0004
3.2673 0.0004
3.2683 0.0004
3.2693 0.0005
3.2703 0.0005
3.2713 0.0005
3.2723 0.0005
3.2733 0.0006
3.2743 0.0006
3.2753 0.0006
3.2763 0.0007
3.2773 0.0007
3.2783 0.0007
3.2793 0.0008
3.2803 0.0008
3.2813 0.0009
3.2823 0.0009
3.2833 0.0010
3.2843 0.0010
3.2853 0.0011
3.2863 0.0011
3.2873 0.0012
3.2883 0.0012
3.2893 0.0013
3.2903 0.0014
3.2913 0.0014
3.2923 0.0015
3.2933 0.0016
3.2943 0.0016
3.2953 0.0017
3.2963 0.0018
3.2973 0.0019
3.2983 0.0020
3.2993 0.0021
3.3003 0.0022
3.3013 0.0023
3.3023 0.0024
3.3033 0.0025
3.3043 0.0026
3.3053 0.0028
3.3063 0.0029
3.3073 0.0030
3.3083 0.0032
3.3093 0.0033
3.3103 0.0035
3.3113 0.0037
3.3123 0.0038
3.3133 0.0040
3.3143 0.0042
3.3153 0.0044
3.3163 0.0046
3.3173 0.0048
3.3183 0.0050
3.3193 0.0053
3.3203 0.0055
3.3213 0.0058
3.3223 0.0060
3.3233 0.0063
3.3243 0.0066
3.3253 0.0069
3.3263 0.0072
3.3273 0.0075
3.3283 0.0078
3.3293 0.0082
3.3303 0.0085
3.3313 0.0089
3.3323 0.0093
3.3333 0.0097
3.3343 0.0102
3.3353 0.0106
3.3363 0.0111
3.3373 0.0115
3.3383 0.0120
3.3393 0.0126
3.3403 0.0131
3.3413 0.0136
3.3423 0.0142
3.3433 0.0148
3.3443 0.0155
3.3453 0.0161
3.3463 0.0168
3.3473 0.0175
3.3483 0.0182
3.3493 0.0190
3.3503 0.0198
3.3513 0.0206
3.3523 0.0214
3.3533 0.0223
3.3543 0.0232
3.3553 0.0242
3.3563 0.0251
3.3573 0.0262
3.3583 0.0272
3.3593 0.0283
3.3603 0.0294
3.3613 0.0306
3.3623 0.0318
3.3633 0.0331
3.3643 0.0344
3.3653 0.0357
3.3663 0.0371
3.3673 0.0386
3.3683 0.0401
3.3693 0.0416
3.3703 0.0432
3.3713 0.0449
3.3723 0.0466
3.3733 0.0484
3.3743 0.0502
3.3753 0.0521
3.3763 0.0541
3.3773 0.0561
3.3783 0.0582
3.3793 0.0604
3.3803 0.0626
3.3813 0.0649
3.3823 0.0673
3.3833 0.0698
3.3843 0.0724
3.3853 0.0750
3.3863 0.0777
3.3873 0.0805
3.3883 0.0834
3.3893 0.0864
3.3903 0.0895
3.3913 0.0927
3.3923 0.0959
3.3933 0.0993
3.3943 0.1028
3.3953 0.1064
3.3963 0.1101
3.3973 0.1139
3.3983 0.1178
3.3993 0.1219
3.4004 0.1261
3.4014 0.1304
3.4024 0.1348
3.4034 0.1393
3.4044 0.1440
3.4054 0.1489
3.4064 0.1538
3.4074 0.1589
3.4084 0.1642
3.4094 0.1696
3.4104 0.1752
3.4114 0.1809
3.4124 0.1868
3.4134 0.1928
3.4144 0.1990
3.4154 0.2054
3.4164 0.2120
3.4174 0.2187
3.4184 0.2256
3.4194 0.2328
3.4204 0.2401
3.4214 0.2476
3.4224 0.2553
3.4234 0.2632
3.4244 0.2713
3.4254 0.2796
3.4264 0.2881
3.4274 0.2969
3.4284 0.3058
3.4294 0.3150
3.4304 0.3245
3.4314 0.3341
3.4324 0.3440
3.4334 0.3542
3.4344 0.3646
3.4354 0.3753
3.4364 0.3862
3.4374 0.3974
3.4384 0.4088
3.4394 0.4205
3.4404 0.4325
3.4414 0.4448
3.4424 0.4573
3.4434 0.4702
3.4444 0.4833
3.4454 0.4968
3.4464 0.5105
3.4474 0.5246
3.4484 0.5389
3.4494 0.5536
3.4504 0.5686
3.4514 0.5839
3.4524 0.5996
3.4534 0.6156
3.4544 0.6319
3.4554 0.6486
3.4564 0.6656
3.4574 0.6830
3.4584 0.7007
3.4594 0.7188
3.4604 0.7373
3.4614 0.7561
3.4624 0.7753
3.4634 0.7949
3.4644 0.8148
3.4654 0.8352
3.4664 0.8559
3.4674 0.8770
3.4684 0.8986
3.4694 0.9205
3.4704 0.9428
3.4714 0.9656
3.4724 0.9887
3.4734 1.0123
3.4744 1.0363
3.4754 1.0607
3.4764 1.0855
3.4774 1.1107
3.4784 1.1364
3.4794 1.1626
3.4804 1.1891
3.4814 1.2161
3.4824 1.2436
3.4834 1.2714
3.4844 1.2998
3.4854 1.3285
3.4864 1.3578
3.4874 1.3874
3.4884 1.4176
3.4894 1.4482
3.4904 1.4792
3.4914 1.5107
3.4924 1.5426
3.4934 1.5751
3.4944 1.6079
3.4954 1.6413
3.4964 1.6750
3.4974 1.7093
3.4984 1.7440
3.4994 1.7792
3.5004 1.8148
3.5014 1.8509
3.5024 1.8874
3.5034 1.9244
3.5044 1.9619
3.5054 1.9998
3.5064 2.0382
3.5074 2.0770
3.5084 2.1162
3.5094 2.1559
3.5104 2.1961
3.5114 2.2367
3.5124 2.2777
3.5134 2.3191
3.5144 2.3610
3.5154 2.4033
3.5164 2.4461
3.5174 2.4892
3.5184 2.5328
3.5194 2.5767
3.5204 2.6211
3.5214 2.6659
3.5224 2.7110
3.5234 2.7566
3.5244 2.8025
3.5254 2.8488
3.5264 2.8955
3.5274 2.9425
3.5284 2.9899
3.5294 3.0376
3.5304 3.0857
3.5314 3.1341
3.5324 3.1828
3.5334 3.2318
3.5344 3.2812
3.5354 3.3308
3.5364 3.3807
3.5374 3.4309
3.5384 3.4814
3.5394 3.5321
3.5404 3.5831
3.5414 3.6343
3.5424 3.6857
3.5434 3.7374
3.5444 3.7893
3.5454 3.8413
3.5464 3.8936
3.5474 3.9460
3.5484 3.9985
3.5494 4.0513
3.5504 4.1041
3.5514 4.1571
3.5524 4.2102
3.5534 4.2633
3.5544 4.3166
3.5554 4.3699
3.5564 4.4233
3.5574 4.4767
3.5584 4.5302
3.5594 4.5837
3.5604 4.6371
3.5614 4.6906
3.5624 4.7440
3.5634 4.7974
3.5644 4.8507
3.5654 4.9040
3.5664 4.9571
3.5674 5.0102
3.5684 5.0631
3.5694 5.1159
3.5704 5.1686
3.5714 5.2210
3.5724 5.2734
3.5734 5.3255
3.5744 5.3774
3.5754 5.4290
3.5764 5.4805
3.5774 5.5316
3.5784 5.5825
3.5794 5.6331
3.5804 5.6834
3.5814 5.7334
3.5824 5.7830
3.5834 5.8323
3.5844 5.8812
3.5854 5.9297
3.5864 5.9778
3.5874 6.0255
3.5884 6.0727
3.5894 6.1195
3.5904 6.1659
3.5914 6.2117
3.5924 6.2571
3.5934 6.3020
3.5944 6.3463
3.5954 6.3901
3.5964 6.4333
3.5974 6.4760
3.5984 6.5181
3.5994 6.5595
3.6004 6.6004
3.6014 6.6406
3.6024 6.6802
3.6034 6.7192
3.6044 6.7575
3.6054 6.7951
3.6064 6.8320
3.6074 6.8682
3.6084 6.9037
3.6094 6.9384
3.6104 6.9724
3.6114 7.0057
3.6124 7.0382
3.6134 7.0699
3.6144 7.1008
3.6154 7.1309
3.6164 7.1603
3.6174 7.1888
3.6184 7.2165
3.6194 7.2433
3.6204 7.2693
3.6214 7.2945
3.6224 7.3187
3.6234 7.3422
3.6244 7.3647
3.6254 7.3864
3.6264 7.4072
3.6274 7.4270
3.6284 7.4460
3.6294 7.4641
3.6304 7.4813
3.6314 7.4975
3.6324 7.5128
3.6334 7.5272
3.6344 7.5407
3.6354 7.5533
3.6364 7.5649
3.6374 7.5755
3.6384 7.5853
3.6394 7.5941
3.6404 7.6019
3.6414 7.6088
3.6424 7.6148
3.6434 7.6198
3.6444 7.6239
3.6454 7.6271
3.6464 7.6293
3.6474 7.6305
3.6484 7.6309
3.6494 7.6303
3.6504 7.6288
3.6514 7.6263
3.6524 7.6229
3.6534 7.6186
3.6544 7.6134
3.6554 7.6073
3.6564 7.6003
3.6574 7.5924
3.6584 7.5836
3.6594 7.5739
3.6604 7.5633
3.6614 7.5518
3.6624 7.5395
3.6634 7.5264
3.6644 7.5124
3.6654 7.4975
3.6664 7.4818
3.6674 7.4653
3.6684 7.4480
3.6694 7.4299
3.6704 7.4110
3.6714 7.3913
3.6724 7.3708
3.6734 7.3496
3.6744 7.3276
3.6754 7.3049
3.6764 7.2815
3.6774 7.2573
3.6784 7.2325
3.6794 7.2070
3.6804 7.1808
3.6814 7.1539
3.6824 7.1264
3.6834 7.0982
3.6844 7.0694
3.6854 7.0401
3.6864 7.0101
3.6874 6.9795
3.6884 6.9484
3.6894 6.9167
3.6904 6.8845
3.6914 6.8518
3.6924 6.8186
3.6934 6.7849
3.6944 6.7507
3.6954 6.7160
3.6964 6.6809
3.6974 6.6453
3.6984 6.6094
3.6994 6.5730
3.7004 6.5363
3.7014 6.4992
3.7024 6.4617
3.7034 6.4240
3.7044 6.3858
3.7054 6.3474
3.7064 6.3087
3.7074 6.2697
3.7084 6.2305
3.7094 6.1910
3.7104 6.1513
3.7114 6.1114
3.7124 6.0713
3.7134 6.0310
3.7144 5.9905
3.7154 5.9499
3.7164 5.9091
3.7174 5.8683
3.7184 5.8273
3.7194 5.7862
3.7204 5.7451
3.7214 5.7039
3.7224 5.6627
3.7234 5.6214
3.7244 5.5801
3.7254 5.5388
3.7264 5.4975
3.7274 5.4563
3.7284 5.4151
3.7294 5.3739
3.7304 5.3328
3.7314 5.2918
3.7324 5.2509
3.7334 5.2101
3.7344 5.1694
3.7354 5.1288
3.7364 5.0884
3.7374 5.0481
3.7384 5.0080
3.7394 4.9681
3.7404 4.9284
3.7414 4.8888
3.7424 4.8495
3.7434 4.8104
3.7444 4.7715
3.7454 4.7329
3.7464 4.6946
3.7474 4.6565
3.7484 4.6186
3.7494 4.5811
3.7504 4.5439
3.7514 4.5069
3.7524 4.4703
3.7534 4.4340
3.7544 4.3980
3.7554 4.3624
3.7564 4.3271
3.7574 4.2921
3.7584 4.2576
3.7594 4.2233
3.7604 4.1895
3.7614 4.1561
3.7624 4.1230
3.7634 4.0903
3.7644 4.0581
3.7654 4.0262
3.7664 3.9948
3.7674 3.9637
3.7684 3.9331
3.7694 3.9030
3.7704 3.8733
3.7714 3.8440
3.7724 3.8151
3.7734 3.7867
3.7744 3.7588
3.7754 3.7313
3.7764 3.7043
3.7774 3.6778
3.7784 3.6517
3.7794 3.6261
3.7804 3.6010
3.7814 3.5763
3.7824 3.5522
3.7834 3.5285
3.7844 3.5053
3.7854 3.4826
3.7864 3.4604
3.7874 3.4387
3.7884 3.4175
3.7894 3.3968
3.7904 3.3767
3.7914 3.3570
3.7924 3.3378
3.7934 3.3191
3.7944 3.3009
3.7954 3.2833
3.7964 3.2661
3.7974 3.2495
3.7984 3.2334
3.7994 3.2178
3.8005 3.2027
3.8015 3.1881
3.8025 3.1740
3.8035 3.1605
3.8045 3.1475
3.8055 3.1350
3.8065 3.1230
3.8075 3.1115
3.8085 3.1006
3.8095 3.0901
3.8105 3.0802
3.8115 3.0708
3.8125 3.0619
3.8135 3.0535
3.8145 3.0457
3.8155 3.0384
3.8165 3.0315
3.8175 3.0252
3.8185 3.0194
3.8195 3.0142
3.8205 3.0094
3.8215 3.0052
3.8225 3.0014
3.8235 2.9982
3.8245 2.9955
3.8255 2.9933
3.8265 2.9916
3.8275 2.9904
3.8285 2.9898
3.8295 2.9896
3.8305 2.9899
3.8315 2.9908
3.8325 2.9921
3.8335 2.9939
3.8345 2.9963
3.8355 2.9991
3.8365 3.0025
3.8375 3.0063
3.8385 3.0106
3.8395 3.0155
3.8405 3.0208
3.8415 3.0266
3.8425 3.0329
3.8435 3.0397
3.8445 3.0470
3.8455 3.0547
3.8465 3.0630
3.8475 3.0717
3.8485 3.0809
3.8495 3.0906
3.8505 3.1007
3.8515 3.1113
3.8525 3.1224
3.8535 3.1340
3.8545 3.1461
3.8555 3.1586
3.8565 3.1715
3.8575 3.1849
3.8585 3.1988
3.8595 3.2132
3.8605 3.2280
3.8615 3.2432
3.8625 3.2589
3.8635 3.2750
3.8645 3.2916
3.8655 3.3086
3.8665 3.3261
3.8675 3.3440
3.8685 3.3623
3.8695 3.3810
3.8705 3.4002
3.8715 3.4198
3.8725 3.4398
3.8735 3.4602
3.8745 3.4810
3.8755 3.5022
3.8765 3.5239
3.8775 3.5459
3.8785 3.5683
3.8795 3.5911
3.8805 3.6143
3.8815 3.6378
3.8825 3.6618
3.8835 3.6861
3.8845 3.7108
3.8855 3.7358
3.8865 3.7612
3.8875 3.7869
3.8885 3.8130
3.8895 3.8394
3.8905 3.8662
3.8915 3.8932
3.8925 3.9206
3.8935 3.9483
3.8945 3.9764
3.8955 4.0047
3.8965 4.0333
3.8975 4.0622
3.8985 4.0914
3.8995 4.1208
3.9005 4.1506
3.9015 4.1806
3.9025 4.2108
3.9035 4.2413
3.9045 4.2720
3.9055 4.3029
3.9065 4.3341
3.9075 4.3655
3.9085 4.3971
3.9095 4.4289
3.9105 4.4609
3.9115 4.4930
3.9125 4.5254
3.9135 4.5579
3.9145 4.5905
3.9155 4.6233
3.9165 4.6563
3.9175 4.6893
3.9185 4.7225
3.9195 4.7558
3.9205 4.7892
3.9215 4.8227
3.9225 4.8562
3.9235 4.8899
3.9245 4.9236
3.9255 4.9573
3.9265 4.9911
3.9275 5.0249
3.9285 5.0587
3.9295 5.0926
3.9305 5.1264
3.9315 5.1602
3.9325 5.1940
3.9335 5.2278
3.9345 5.2615
3.9355 5.2952
3.9365 5.3288
3.9375 5.3624
3.9385 5.3958
3.9395 5.4292
3.9405 5.4624
3.9415 5.4955
3.9425 5.5285
3.9435 5.5614
3.9445 5.5941
3.9455 5.6267
3.9465 5.6591
3.9475 5.6913
3.9485 5.7233
3.9495 5.7551
3.9505 5.7867
3.9515 5.8180
3.9525 5.8492
3.9535 5.8800
3.9545 5.9107
3.9555 5.9410
3.9565 5.9711
3.9575 6.0010
3.9585 6.0305
3.9595 6.0597
3.9605 6.0886
3.9615 6.1171
3.9625 6.1454
3.9635 6.1733
3.9645 6.2008
3.9655 6.2280
3.9665 6.2548
3.9675 6.2813
3.9685 6.3073
3.9695 6.3330
3.9705 6.3583
3.9715 6.3831
3.9725 6.4075
3.9735 6.4315
3.9745 6.4551
3.9755 6.4783
3.9765 6.5009
3.9775 6.5232
3.9785 6.5449
3.9795 6.5663
3.9805 6.5871
3.9815 6.6075
3.9825 6.6273
3.9835 6.6467
3.9845 6.6656
3.9855 6.6840
3.9865 6.7019
3.9875 6.7193
3.9885 6.7362
3.9895 6.7526
3.9905 6.7684
3.9915 6.7838
3.9925 6.7986
3.9935 6.8129
3.9945 6.8267
3.9955 6.8399
3.9965 6.8526
3.9975 6.8648
3.9985 6.8764
3.9995 6.8876
4.0005 6.8982
4.0015 6.9082
4.0025 6.9177
4.0035 6.9267
4.0045 6.9352
4.0055 6.9431
4.0065 6.9505
4.0075 6.9574
4.0085 6.9638
4.0095 6.9696
4.0105 6.9750
4.0115 6.9798
4.0125 6.9841
4.0135 6.9879
4.0145 6.9912
4.0155 6.9940
4.0165 6.9963
4.0175 6.9981
4.0185 6.9995
4.0195 7.0003
4.0205 7.0007
4.0215 7.0007
4.0225 7.0001
4.0235 6.9992
4.0245 6.9978
4.0255 6.9959
4.0265 6.9936
4.0275 6.9909
4.0285 6.9878
4.0295 6.9843
4.0305 6.9804
4.0315 6.9761
4.0325 6.9714
4.0335 6.9664
4.0345 6.9610
4.0355 6.9553
4.0365 6.9492
4.0375 6.9428
4.0385 6.9361
4.0395 6.9291
4.0405 6.9218
4.0415 6.9142
4.0425 6.9063
4.0435 6.8982
4.0445 6.8898
4.0455 6.8812
4.0465 6.8723
4.0475 6.8633
4.0485 6.8540
4.0495 6.8446
4.0505 6.8349
4.0515 6.8251
4.0525 6.8152
4.0535 6.8051
4.0545 6.7949
4.0555 6.7846
4.0565 6.7742
4.0575 6.7637
4.0585 6.7531
4.0595 6.7424
4.0605 6.7317
4.0615 6.7210
4.0625 6.7102
4.0635 6.6994
4.0645 6.6887
4.0655 6.6779
4.0665 6.6672
4.0675 6.6565
4.0685 6.6458
4.0695 6.6352
4.0705 6.6247
4.0715 6.6143
4.0725 6.6040
4.0735 6.5938
4.0745 6.5837
4.0755 6.5737
4.0765 6.5640
4.0775 6.5543
4.0785 6.5448
4.0795 6.5356
4.0805 6.5265
4.0815 6.5176
4.0825 6.5089
4.0835 6.5005
4.0845 6.4922
4.0855 6.4843
4.0865 6.4765
4.0875 6.4691
4.0885 6.4619
4.0895 6.4550
4.0905 6.4484
4.0915 6.4421
4.0925 6.4361
4.0935 6.4304
4.0945 6.4251
4.0955 6.4201
4.0965 6.4154
4.0975 6.4110
4.0985 6.4070
4.0995 6.4034
4.1005 6.4001
4.1015 6.3972
4.1025 6.3947
4.1035 6.3926
4.1045 6.3908
4.1055 6.3894
4.1065 6.3885
4.1075 6.3879
4.1085 6.3877
4.1095 6.3879
4.1105 6.3885
4.1115 6.3896
4.1125 6.3910
4.1135 6.3928
4.1145 6.3951
4.1155 6.3977
4.1165 6.4008
4.1175 6.4043
4.1185 6.4082
4.1195 6.4125
4.1205 6.4172
4.1215 6.4224
4.1225 6.4279
4.1235 6.4338
4.1245 6.4402
4.1255 6.4469
4.1265 6.4541
4.1275 6.4616
4.1285 6.4695
4.1295 6.4778
4.1305 6.4865
4.1315 6.4955
4.1325 6.5049
4.1335 6.5147
4.1345 6.5248
4.1355 6.5353
4.1365 6.5462
4.1375 6.5573
4.1385 6.5688
4.1395 6.5807
4.1405 6.5928
4.1415 6.6052
4.1425 6.6180
4.1435 6.6310
4.1445 6.6443
4.1455 6.6579
4.1465 6.6718
4.1475 6.6859
4.1485 6.7002
4.1495 6.7148
4.1505 6.7296
4.1515 6.7446
4.1525 6.7598
4.1535 6.7752
4.1545 6.7907
4.1555 6.8065
4.1565 6.8224
4.1575 6.8384
4.1585 6.8546
4.1595 6.8709
4.1605 6.8873
4.1615 6.9038
4.1625 6.9204
4.1635 6.9370
4.1645 6.9537
4.1655 6.9705
4.1665 6.9872
4.1675 7.0040
4.1685 7.0208
4.1695 7.0376
4.1705 7.0544
4.1715 7.0712
4.1725 7.0879
4.1735 7.1045
4.1745 7.1211
4.1755 7.1376
4.1765 7.1539
4.1775 7.1702
4.1785 7.1864
4.1795 7.2024
4.1805 7.2183
4.1815 7.2340
4.1825 7.2495
4.1835 7.2648
4.1845 7.2800
4.1855 7.2949
4.1865 7.3096
4.1875 7.3240
4.1885 7.3383
4.1895 7.3522
4.1905 7.3659
4.1915 7.3793
4.1925 7.3924
4.1935 7.4052
4.1945 7.4177
4.1955 7.4298
4.1965 7.4416
4.1975 7.4531
4.1985 7.4642
4.1995 7.4749
4.2006 7.4852
4.2016 7.4952
4.2026 7.5048
4.2036 7.5139
4.2046 7.5227
4.2056 7.5310
4.2066 7.5389
4.2076 7.5463
4.2086 7.5533
4.2096 7.5599
4.2106 7.5659
4.2116 7.5716
4.2126 7.5767
4.2136 7.5814
4.2146 7.5855
4.2156 7.5892
4.2166 7.5924
4.2176 7.5951
4.2186 7.5973
4.2196 7.5990
4.2206 7.6001
4.2216 7.6008
4.2226 7.6009
4.2236 7.6005
4.2246 7.5996
4.2256 7.5982
4.2266 7.5962
4.2276 7.5938
4.2286 7.5907
4.2296 7.5872
4.2306 7.5831
4.2316 7.5785
4.2326 7.5734
4.2336 7.5678
4.2346 7.5616
4.2356 7.5549
4.2366 7.5477
4.2376 7.5399
4.2386 7.5317
4.2396 7.5229
4.2406 7.5136
4.2416 7.5038
4.2426 7.4936
4.2436 7.4828
4.2446 7.4715
4.2456 7.4597
4.2466 7.4475
4.2476 7.4348
4.2486 7.4216
4.2496 7.4080
4.2506 7.3939
4.2516 7.3793
4.2526 7.3643
4.2536 7.3489
4.2546 7.3331
4.2556 7.3168
4.2566 7.3001
4.2576 7.2831
4.2586 7.2656
4.2596 7.2477
4.2606 7.2295
4.2616 7.2110
4.2626 7.1920
4.2636 7.1728
4.2646 7.1532
4.2656 7.1332
4.2666 7.1130
4.2676 7.0925
4.2686 7.0717
4.2696 7.0506
4.2706 7.0292
4.2716 7.0076
4.2726 6.9858
4.2736 6.9637
4.2746 6.9414
4.2756 6.9190
4.2766 6.8963
4.2776 6.8735
4.2786 6.8504
4.2796 6.8273
4.2806 6.8040
4.2816 6.7806
4.2826 6.7571
4.2836 6.7334
4.2846 6.7097
4.2856 6.6860
4.2866 6.6621
4.2876 6.6383
4.2886 6.6144
4.2896 6.5905
4.2906 6.5666
4.2916 6.5427
4.2926 6.5188
4.2936 6.4950
4.2946 6.4712
4.2956 6.4475
4.2966 6.4239
4.2976 6.4004
4.2986 6.3770
4.2996 6.3537
4.3006 6.3306
4.3016 6.3076
4.3026 6.2848
4.3036 6.2621
4.3046 6.2397
4.3056 6.2174
4.3066 6.1954
4.3076 6.1736
4.3086 6.1521
4.3096 6.1308
4.3106 6.1098
4.3116 6.0890
4.3126 6.0686
4.3136 6.0485
4.3146 6.0287
4.3156 6.0092
4.3166 5.9901
4.3176 5.9713
4.3186 5.9529
4.3196 5.9349
4.3206 5.9173
4.3216 5.9001
4.3226 5.8833
4.3236 5.8669
4.3246 5.8510
4.3256 5.8355
4.3266 5.8204
4.3276 5.8059
4.3286 5.7918
4.3296 5.7781
4.3306 5.7650
4.3316 5.7524
4.3326 5.7403
4.3336 5.7288
4.3346 5.7177
4.3356 5.7072
4.3366 5.6973
4.3376 5.6879
4.3386 5.6790
4.3396 5.6708
4.3406 5.6631
4.3416 5.6560
4.3426 5.6494
4.3436 5.6435
4.3446 5.6382
4.3456 5.6335
4.3466 5.6294
4.3476 5.6259
4.3486 5.6231
4.3496 5.6209
4.3506 5.6193
4.3516 5.6184
4.3526 5.6181
4.3536 5.6184
4.3546 5.6194
4.3556 5.6211
4.3566 5.6234
4.3576 5.6264
4.3586 5.6300
4.3596 5.6343
4.3606 5.6393
4.3616 5.6449
4.3626 5.6512
4.3636 5.6582
4.3646 5.6659
4.3656 5.6742
4.3666 5.6832
4.3676 5.6929
4.3686 5.7033
4.3696 5.7144
4.3706 5.7261
4.3716 5.7385
4.3726 5.7516
4.3736 5.7653
4.3746 5.7797
4.3756 5.7948
4.3766 5.8106
4.3776 5.8270
4.3786 5.8442
4.3796 5.8619
4.3806 5.8804
4.3816 5.8995
4.3826 5.9192
4.3836 5.9396
4.3846 5.9607
4.3856 5.9824
4.3866 6.0048
4.3876 6.0278
4.3886 6.0514
4.3896 6.0757
4.3906 6.1006
4.3916 6.1261
4.3926 6.1523
4.3936 6.1790
4.3946 6.2064
4.3956 6.2344
4.3966 6.2630
4.3976 6.2922
4.3986 6.3219
4.3996 6.3523
4.4006 6.3832
4.4016 6.4147
4.4026 6.4468
4.4036 6.4795
4.4046 6.5126
4.4056 6.5464
4.4066 6.5807
4.4076 6.6155
4.4086 6.6508
4.4096 6.6867
4.4106 6.7231
4.4116 6.7600
4.4126 6.7974
4.4136 6.8352
4.4146 6.8736
4.4156 6.9124
4.4166 6.9518
4.4176 6.9915
4.4186 7.0318
4.4196 7.0725
4.4206 7.1136
4.4216 7.1551
4.4226 7.1971
4.4236 7.2395
4.4246 7.2823
4.4256 7.3255
4.4266 7.3691
4.4276 7.4131
4.4286 7.4574
4.4296 7.5022
4.4306 7.5472
4.4316 7.5927
4.4326 7.6384
4.4336 7.6845
4.4346 7.7310
4.4356 7.7777
4.4366 7.8247
4.4376 7.8721
4.4386 7.9197
4.4396 7.9676
4.4406 8.0158
4.4416 8.0643
4.4426 8.1130
4.4436 8.1619
4.4446 8.2111
4.4456 8.2606
4.4466 8.3102
4.4476 8.3600
4.4486 8.4101
4.4496 8.4603
4.4506 8.5108
4.4516 8.5614
4.4526 8.6122
4.4536 8.6631
4.4546 8.7142
4.4556 8.7654
4.4566 8.8168
4.4576 8.8682
4.4586 8.9198
4.4596 8.9715
4.4606 9.0233
4.4616 9.0752
4.4626 9.1272
4.4636 9.1792
4.4646 9.2313
4.4656 9.2835
4.4666 9.3357
4.4676 9.3879
4.4686 9.4402
4.4696 9.4925
4.4706 9.5448
4.4716 9.5971
4.4726 9.6494
4.4736 9.7016
4.4746 9.7539
4.4756 9.8061
4.4766 9.8583
4.4776 9.9105
4.4786 9.9626
4.4796 10.0146
4.4806 10.0665
4.4816 10.1184
4.4826 10.1702
4.4836 10.2219
4.4846 10.2735
4.4856 10.3249
4.4866 10.3763
4.4876 10.4275
4.4886 10.4786
4.4896 10.5295
4.4906 10.5803
4.4916 10.6309
4.4926 10.6814
4.4936 10.7317
4.4946 10.7818
4.4956 10.8317
4.4966 10.8814
4.4976 10.9309
4.4986 10.9802
4.4996 11.0292
4.5006 11.0780
4.5016 11.1266
4.5026 11.1750
4.5036 11.2231
4.5046 11.2709
4.5056 11.3185
4.5066 11.3658
4.5076 11.4128
4.5086 11.4595
4.5096 11.5059
4.5106 11.5521
4.5116 11.5979
4.5126 11.6434
4.5136 11.6885
4.5146 11.7333
4.5156 11.7778
4.5166 11.8220
4.5176 11.8658
4.5186 11.9092
4.5196 11.9523
4.5206 11.9950
4.5216 12.0373
4.5226 12.0792
4.5236 12.1207
4.5246 12.1618
4.5256 12.2025
4.5266 12.2428
4.5276 12.2827
4.5286 12.3222
4.5296 12.3612
4.5306 12.3997
4.5316 12.4379
4.5326 12.4755
4.5336 12.5128
4.5346 12.5495
4.5356 12.5858
4.5366 12.6216
4.5376 12.6569
4.5386 12.6917
4.5396 12.7260
4.5406 12.7598
4.5416 12.7931
4.5426 12.8259
4.5436 12.8582
4.5446 12.8900
4.5456 12.9212
4.5466 12.9519
4.5476 12.9820
4.5486 13.0116
4.5496 13.0407
4.5506 13.0691
4.5516 13.0971
4.5526 13.1244
4.5536 13.1512
4.5546 13.1774
4.5556 13.2030
4.5566 13.2281
4.5576 13.2525
4.5586 13.2763
4.5596 13.2996
4.5606 13.3222
4.5616 13.3442
4.5626 13.3656
4.5636 13.3864
4.5646 13.4066
4.5656 13.4261
4.5666 13.4450
4.5676 13.4633
4.5686 13.4810
4.5696 13.4979
4.5706 13.5143
4.5716 13.5300
4.5726 13.5450
4.5736 13.5594
4.5746 13.5732
4.5756 13.5862
4.5766 13.5986
4.5776 13.6104
4.5786 13.6215
4.5796 13.6319
4.5806 13.6416
4.5816 13.6506
4.5826 13.6590
4.5836 13.6667
4.5846 13.6737
4.5856 13.6800
4.5866 13.6857
4.5876 13.6906
4.5886 13.6949
4.5896 13.6985
4.5906 13.7014
4.5916 13.7036
4.5926 13.7051
4.5936 13.7059
4.5946 13.7060
4.5956 13.7054
4.5966 13.7041
4.5976 13.7022
4.5986 13.6995
4.5996 13.6962
4.6007 13.6921
4.6017 13.6874
4.6027 13.6820
4.6037 13.6759
4.6047 13.6691
4.6057 13.6616
4.6067 13.6534
4.6077 13.6445
4.6087 13.6350
4.6097 13.6247
4.6107 13.6138
4.6117 13.6022
4.6127 13.5899
4.6137 13.5770
4.6147 13.5634
4.6157 13.5491
4.6167 13.5341
4.6177 13.5185
4.6187 13.5022
4.6197 13.4853
4.6207 13.4677
4.6217 13.4495
4.6227 13.4306
4.6237 13.4111
4.6247 13.3909
4.6257 13.3701
4.6267 13.3487
4.6277 13.3267
4.6287 13.3040
4.6297 13.2807
4.6307 13.2568
4.6317 13.2323
4.6327 13.2072
4.6337 13.1815
4.6347 13.1552
4.6357 13.1283
4.6367 13.1009
4.6377 13.0729
4.6387 13.0443
4.6397 13.0151
4.6407 12.9854
4.6417 12.9551
4.6427 12.9243
4.6437 12.8930
4.6447 12.8611
4.6457 12.8288
4.6467 12.7959
4.6477 12.7625
4.6487 12.7286
4.6497 12.6942
4.6507 12.6593
4.6517 12.6239
4.6527 12.5881
4.6537 12.5518
4.6547 12.5150
4.6557 12.4778
4.6567 12.4402
4.6577 12.4021
4.6587 12.3636
4.6597 12.3247
4.6607 12.2854
4.6617 12.2457
4.6627 12.2056
4.6637 12.1651
4.6647 12.1243
4.6657 12.0830
4.6667 12.0415
4.6677 11.9995
4.6687 11.9573
4.6697 11.9147
4.6707 11.8718
4.6717 11.8286
4.6727 11.7850
4.6737 11.7412
4.6747 11.6971
4.6757 11.6527
4.6767 11.6081
4.6777 11.5632
4.6787 11.5181
4.6797 11.4727
4.6807 11.4270
4.6817 11.3812
4.6827 11.3352
4.6837 11.2889
4.6847 11.2425
4.6857 11.1958
4.6867 11.1490
4.6877 11.1021
4.6887 11.0550
4.6897 11.0077
4.6907 10.9603
4.6917 10.9127
4.6927 10.8651
4.6937 10.8173
4.6947 10.7694
4.6957 10.7215
4.6967 10.6734
4.6977 10.6253
4.6987 10.5771
4.6997 10.5289
4.7007 10.4806
4.7017 10.4322
4.7027 10.3839
4.7037 10.3355
4.7047 10.2871
4.7057 10.2386
4.7067 10.1902
4.7077 10.1418
4.7087 10.0934
4.7097 10.0451
4.7107 9.9968
4.7117 9.9485
4.7127 9.9002
4.7137 9.8521
4.7147 9.8040
4.7157 9.7559
4.7167 9.7080
4.7177 9.6601
4.7187 9.6123
4.7197 9.5647
4.7207 9.5171
4.7217 9.4697
4.7227 9.4223
4.7237 9.3751
4.7247 9.3281
4.7257 9.2812
4.7267 9.2344
4.7277 9.1878
4.7287 9.1414
4.7297 9.0951
4.7307 9.0490
4.7317 9.0031
4.7327 8.9574
4.7337 8.9118
4.7347 8.8665
4.7357 8.8214
4.7367 8.7764
4.7377 8.7317
4.7387 8.6872
4.7397 8.6429
4.7407 8.5989
4.7417 8.5551
4.7427 8.5115
4.7437 8.4682
4.7447 8.4251
4.7457 8.3823
4.7467 8.3397
4.7477 8.2973
4.7487 8.2553
4.7497 8.2135
4.7507 8.1719
4.7517 8.1307
4.7527 8.0897
4.7537 8.0490
4.7547 8.0086
4.7557 7.9684
4.7567 7.9286
4.7577 7.8890
4.7587 7.8497
4.7597 7.8108
4.7607 7.7721
4.7617 7.7337
4.7627 7.6956
4.7637 7.6579
4.7647 7.6204
4.7657 7.5832
4.7667 7.5464
4.7677 7.5098
4.7687 7.4736
4.7697 7.4376
4.7707 7.4020
4.7717 7.3667
4.7727 7.3318
4.7737 7.2971
4.7747 7.2627
4.7757 7.2287
4.7767 7.1950
4.7777 7.1616
4.7787 7.1285
4.7797 7.0957
4.7807 7.0633
4.7817 7.0311
4.7827 6.9993
4.7837 6.9678
4.7847 6.9367
4.7857 6.9058
4.7867 6.8752
4.7877 6.8450
4.7887 6.8151
4.7897 6.7855
4.7907 6.7562
4.7917 6.7272
4.7927 6.6986
4.7937 6.6702
4.7947 6.6422
4.7957 6.6144
4.7967 6.5870
4.7977 6.5599
4.7987 6.5330
4.7997 6.5065
4.8007 6.4803
4.8017 6.4544
4.8027 6.4288
4.8037 6.4034
4.8047 6.3784
4.8057 6.3537
4.8067 6.3292
4.8077 6.3050
4.8087 6.2812
4.8097 6.2576
4.8107 6.2343
4.8117 6.2112
4.8127 6.1885
4.8137 6.1660
4.8147 6.1438
4.8157 6.1219
4.8167 6.1002
4.8177 6.0788
4.8187 6.0577
4.8197 6.0368
4.8207 6.0162
4.8217 5.9958
4.8227 5.9757
4.8237 5.9559
4.8247 5.9363
4.8257 5.9169
4.8267 5.8978
4.8277 5.8790
4.8287 5.8604
4.8297 5.8420
4.8307 5.8238
4.8317 5.8059
4.8327 5.7882
4.8337 5.7707
4.8347 5.7535
4.8357 5.7365
4.8367 5.7197
4.8377 5.7031
4.8387 5.6867
4.8397 5.6706
4.8407 5.6546
4.8417 5.6389
4.8427 5.6233
4.8437 5.6080
4.8447 5.5929
4.8457 5.5779
4.8467 5.5632
4.8477 5.5486
4.8487 5.5342
4.8497 5.5200
4.8507 5.5060
4.8517 5.4922
4.8527 5.4785
4.8537 5.4651
4.8547 5.4518
4.8557 5.4386
4.8567 5.4257
4.8577 5.4129
4.8587 5.4003
4.8597 5.3878
4.8607 5.3755
4.8617 5.3633
4.8627 5.3513
4.8637 5.3395
4.8647 5.3278
4.8657 5.3162
4.8667 5.3048
4.8677 5.2936
4.8687 5.2825
4.8697 5.2715
4.8707 5.2607
4.8717 5.2500
4.8727 5.2394
4.8737 5.2289
4.8747 5.2186
4.8757 5.2084
4.8767 5.1984
4.8777 5.1885
4.8787 5.1786
4.8797 5.1690
4.8807 5.1594
4.8817 5.1499
4.8827 5.1406
4.8837 5.1314
4.8847 5.1222
4.8857 5.1132
4.8867 5.1043
4.8877 5.0955
4.8887 5.0869
4.8897 5.0783
4.8907 5.0698
4.8917 5.0614
4.8927 5.0532
4.8937 5.0450
4.8947 5.0369
4.8957 5.0289
4.8967 5.0210
4.8977 5.0132
4.8987 5.0055
4.8997 4.9979
4.9007 4.9904
4.9017 4.9829
4.9027 4.9756
4.9037 4.9683
4.9047 4.9611
4.9057 4.9541
4.9067 4.9470
4.9077 4.9401
4.9087 4.9333
4.9097 4.9265
4.9107 4.9198
4.9117 4.9132
4.9127 4.9067
4.9137 4.9003
4.9147 4.8939
4.9157 4.8876
4.9167 4.8814
4.9177 4.8752
4.9187 4.8692
4.9197 4.8632
4.9207 4.8573
4.9217 4.8514
4.9227 4.8456
4.9237 4.8399
4.9247 4.8343
4.9257 4.8287
4.9267 4.8232
4.9277 4.8178
4.9287 4.8125
4.9297 4.8072
4.9307 4.8020
4.9317 4.7968
4.9327 4.7918
4.9337 4.7867
4.9347 4.7818
4.9357 4.7769
4.9367 4.7721
4.9377 4.7674
4.9387 4.7627
4.9397 4.7581
4.9407 4.7536
4.9417 4.7491
4.9427 4.7447
4.9437 4.7404
4.9447 4.7361
4.9457 4.7319
4.9467 4.7278
4.9477 4.7237
4.9487 4.7197
4.9497 4.7157
4.9507 4.7119
4.9517 4.7081
4.9527 4.7043
4.9537 4.7006
4.9547 4.6970
4.9557 4.6935
4.9567 4.6900
4.9577 4.6866
4.9587 4.6833
4.9597 4.6800
4.9607 4.6768
4.9617 4.6736
4.9627 4.6706
4.9637 4.6676
4.9647 4.6646
4.9657 4.6617
4.9667 4.6589
4.9677 4.6562
4.9687 4.6535
4.9697 4.6509
4.9707 4.6484
4.9717 4.6459
4.9727 4.6435
4.9737 4.6412
4.9747 4.6389
4.9757 4.6367
4.9767 4.6346
4.9777 4.6325
4.9787 4.6305
4.9797 4.6286
4.9807 4.6267
4.9817 4.6249
4.9827 4.6232
4.9837 4.6215
4.9847 4.6200
4.9857 4.6184
4.9867 4.6170
4.9877 4.6156
4.9887 4.6143
4.9897 4.6131
4.9907 4.6119
4.9917 4.6108
4.9927 4.6097
4.9937 4.6088
4.9947 4.6079
4.9957 4.6070
4.9967 4.6063
4.9977 4.6056
4.9987 4.6049
4.9997 4.6044
5.0008 4.6039
5.0018 4.6035
5.0028 4.6031
5.0038 4.6028
5.0048 4.6026
5.0058 4.6024
5.0068 4.6023
5.0078 4.6023
5.0088 4.6023
5.0098 4.6024
5.0108 4.6026
5.0118 4.6028
5.0128 4.6031
5.0138 4.6034
5.0148 4.6038
5.0158 4.6043
5.0168 4.6049
5.0178 4.6055
5.0188 4.6061
5.0198 4.6068
5.0208 4.6076
5.0218 4.6085
5.0228 4.6094
5.0238 4.6103
5.0248 4.6113
5.0258 4.6124
5.0268 4.6135
5.0278 4.6147
5.0288 4.6159
5.0298 4.6172
5.0308 4.6186
5.0318 4.6199
5.0328 4.6214
5.0338 4.6229
5.0348 4.6244
5.0358 4.6260
5.0368 4.6277
5.0378 4.6293
5.0388 4.6311
5.0398 4.6328
5.0408 4.6347
5.0418 4.6365
5.0428 4.6384
5.0438 4.6404
5.0448 4.6423
5.0458 4.6444
5.0468 4.6464
5.0478 4.6485
5.0488 4.6507
5.0498 4.6528
5.0508 4.6550
5.0518 4.6572
5.0528 4.6595
5.0538 4.6618
5.0548 4.6641
5.0558 4.6665
5.0568 4.6688
5.0578 4.6712
5.0588 4.6736
5.0598 4.6761
5.0608 4.6785
5.0618 4.6810
5.0628 4.6835
5.0638 4.6860
5.0648 4.6886
5.0658 4.6911
5.0668 4.6937
5.0678 4.6962
5.0688 4.6988
5.0698 4.7014
5.0708 4.7040
5.0718 4.7066
5.0728 4.7092
5.0738 4.7118
5.0748 4.7144
5.0758 4.7170
5.0768 4.7196
5.0778 4.7222
5.0788 4.7249
5.0798 4.7275
5.0808 4.7300
5.0818 4.7326
5.0828 4.7352
5.0838 4.7378
5.0848 4.7403
5.0858 4.7429
5.0868 4.7454
5.0878 4.7479
5.0888 4.7504
5.0898 4.7529
5.0908 4.7553
5.0918 4.7578
5.0928 4.7602
5.0938 4.7626
5.0948 4.7649
5.0958 4.7673
5.0968 4.7696
5.0978 4.7719
5.0988 4.7741
5.0998 4.7764
5.1008 4.7785
5.1018 4.7807
5.1028 4.7828
5.1038 4.7849
5.1048 4.7870
5.1058 4.7890
5.1068 4.7909
5.1078 4.7929
5.1088 4.7948
5.1098 4.7966
5.1108 4.7984
5.1118 4.8002
5.1128 4.8019
5.1138 4.8035
5.1148 4.8052
5.1158 4.8067
5.1168 4.8082
5.1178 4.8097
5.1188 4.8111
5.1198 4.8125
5.1208 4.8138
5.1218 4.8151
5.1228 4.8163
5.1238 4.8174
5.1248 4.8185
5.1258 4.8195
5.1268 4.8205
5.1278 4.8214
5.1288 4.8222
5.1298 4.8230
5.1308 4.8238
5.1318 4.8244
5.1328 4.8250
5.1338 4.8256
5.1348 4.8261
5.1358 4.8265
5.1368 4.8268
5.1378 4.8271
5.1388 4.8273
5.1398 4.8275
5.1408 4.8275
5.1418 4.8276
5.1428 4.8275
5.1438 4.8274
5.1448 4.8272
5.1458 4.8269
5.1468 4.8266
5.1478 4.8262
5.1488 4.8257
5.1498 4.8252
5.1508 4.8246
5.1518 4.8239
5.1528 4.8231
5.1538 4.8223
5.1548 4.8214
5.1558 4.8204
5.1568 4.8194
5.1578 4.8183
5.1588 4.8171
5.1598 4.8158
5.1608 4.8145
5.1618 4.8130
5.1628 4.8116
5.1638 4.8100
5.1648 4.8084
5.1658 4.8066
5.1668 4.8049
5.1678 4.8030
5.1688 4.8011
5.1698 4.7991
5.1708 4.7970
5.1718 4.7948
5.1728 4.7926
5.1738 4.7903
5.1748 4.7879
5.1758 4.7855
5.1768 4.7829
5.1778 4.7803
5.1788 4.7777
5.1798 4.7749
5.1808 4.7721
5.1818 4.7692
5.1828 4.7662
5.1838 4.7632
5.1848 4.7601
5.1858 4.7569
5.1868 4.7536
5.1878 4.7503
5.1888 4.7469
5.1898 4.7434
5.1908 4.7398
5.1918 4.7362
5.1928 4.7325
5.1938 4.7287
5.1948 4.7248
5.1958 4.7209
5.1968 4.7169
5.1978 4.7128
5.1988 4.7087
5.1998 4.7045
5.2008 4.7002
5.2018 4.6959
5.2028 4.6914
5.2038 4.6869
5.2048 4.6824
5.2058 4.6777
5.2068 4.6730
5.2078 4.6682
5.2088 4.6634
5.2098 4.6585
5.2108 4.6535
5.2118 4.6484
5.2128 4.6433
5.2138 4.6381
5.2148 4.6328
5.2158 4.6275
5.2168 4.6221
5.2178 4.6166
5.2188 4.6110
5.2198 4.6054
5.2208 4.5998
5.2218 4.5940
5.2228 4.5882
5.2238 4.5823
5.2248 4.5764
5.2258 4.5703
5.2268 4.5643
5.2278 4.5581
5.2288 4.5519
5.2298 4.5456
5.2308 4.5393
5.2318 4.5328
5.2328 4.5264
5.2338 4.5198
5.2348 4.5132
5.2358 4.5065
5.2368 4.4998
5.2378 4.4930
5.2388 4.4861
5.2398 4.4792
5.2408 4.4722
5.2418 4.4652
5.2428 4.4581
5.2438 4.4509
5.2448 4.4436
5.2458 4.4363
5.2468 4.4290
5.2478 4.4215
5.2488 4.4141
5.2498 4.4065
5.2508 4.3989
5.2518 4.3913
5.2528 4.3835
5.2538 4.3757
5.2548 4.3679
5.2558 4.3600
5.2568 4.3521
5.2578 4.3440
5.2588 4.3360
5.2598 4.3279
5.2608 4.3197
5.2618 4.3114
5.2628 4.3032
5.2638 4.2948
5.2648 4.2864
5.2658 4.2780
5.2668 4.2695
5.2678 4.2609
5.2688 4.2523
5.2698 4.2437
5.2708 4.2350
5.2718 4.2262
5.2728 4.2174
5.2738 4.2086
5.2748 4.1997
5.2758 4.1907
5.2768 4.1817
5.2778 4.1727
5.2788 4.1636
5.2798 4.1545
5.2808 4.1453
5.2818 4.1361
5.2828 4.1268
5.2838 4.1175
5.2848 4.1082
5.2858 4.0988
5.2868 4.0894
5.2878 4.0800
5.2888 4.0705
5.2898 4.0610
5.2908 4.0514
5.2918 4.0418
5.2928 4.0322
5.2938 4.0225
5.2948 4.0128
5.2958 4.0031
5.2968 3.9934
5.2978 3.9836
5.2988 3.9738
5.2998 3.9640
5.3008 3.9541
5.3018 3.9442
5.3028 3.9343
5.3038 3.9244
5.3048 3.9144
5.3058 3.9044
5.3068 3.8944
5.3078 3.8844
5.3088 3.8744
5.3098 3.8644
5.3108 3.8543
5.3118 3.8442
5.3128 3.8341
5.3138 3.8240
5.3148 3.8139
5.3158 3.8038
5.3168 3.7937
5.3178 3.7835
5.3188 3.7734
5.3198 3.7632
5.3208 3.7531
5.3218 3.7429
5.3228 3.7328
5.3238 3.7226
5.3248 3.7124
5.3258 3.7023
5.3268 3.6921
5.3278 3.6820
5.3288 3.6718
5.3298 3.6617
5.3308 3.6515
5.3318 3.6414
5.3328 3.6313
5.3338 3.6211
5.3348 3.6110
5.3358 3.6009
5.3368 3.5909
5.3378 3.5808
5.3388 3.5708
5.3398 3.5607
5.3408 3.5507
5.3418 3.5407
5.3428 3.5307
5.3438 3.5208
5.3448 3.5108
5.3458 3.5009
5.3468 3.4910
5.3478 3.4811
5.3488 3.4713
5.3498 3.4615
5.3508 3.4517
5.3518 3.4419
5.3528 3.4322
5.3538 3.4224
5.3548 3.4128
5.3558 3.4031
5.3568 3.3935
5.3578 3.3839
5.3588 3.3743
5.3598 3.3648
5.3608 3.3553
5.3618 3.3459
5.3628 3.3364
5.3638 3.3271
5.3648 3.3177
5.3658 3.3084
5.3668 3.2991
5.3678 3.2899
5.3688 3.2807
5.3698 3.2715
5.3708 3.2624
5.3718 3.2533
5.3728 3.2442
5.3738 3.2352
5.3748 3.2263
5.3758 3.2174
5.3768 3.2085
5.3778 3.1996
5.3788 3.1908
5.3798 3.1821
5.3808 3.1734
5.3818 3.1647
5.3828 3.1560
5.3838 3.1475
5.3848 3.1389
5.3858 3.1304
5.3868 3.1219
5.3878 3.1135
5.3888 3.1051
5.3898 3.0968
5.3908 3.0885
5.3918 3.0803
5.3928 3.0721
5.3938 3.0639
5.3948 3.0558
5.3958 3.0477
5.3968 3.0397
5.3978 3.0317
5.3988 3.0237
5.3998 3.0158
5.4009 3.0079
5.4019 3.0001
5.4029 2.9923
5.4039 2.9845
5.4049 2.9768
5.4059 2.9691
5.4069 2.9615
5.4079 2.9539
5.4089 2.9464
5.4099 2.9388
5.4109 2.9314
5.4119 2.9239
5.4129 2.9165
5.4139 2.9091
5.4149 2.9018
5.4159 2.8945
5.4169 2.8872
5.4179 2.8800
5.4189 2.8728
5.4199 2.8656
5.4209 2.8585
5.4219 2.8514
5.4229 2.8443
5.4239 2.8373
5.4249 2.8303
5.4259 2.8233
5.4269 2.8164
5.4279 2.8094
5.4289 2.8026
5.4299 2.7957
5.4309 2.7889
5.4319 2.7821
5.4329 2.7753
5.4339 2.7685
5.4349 2.7618
5.4359 2.7551
5.4369 2.7484
5.4379 2.7418
5.4389 2.7351
5.4399 2.7285
5.4409 2.7219
5.4419 2.7154
5.4429 2.7088
5.4439 2.7023
5.4449 2.6958
5.4459 2.6893
5.4469 2.6829
5.4479 2.6764
5.4489 2.6700
5.4499 2.6636
5.4509 2.6572
5.4519 2.6509
5.4529 2.6445
5.4539 2.6382
5.4549 2.6319
5.4559 2.6256
5.4569 2.6193
5.4579 2.6130
5.4589 2.6067
5.4599 2.6005
5.4609 2.5943
5.4619 2.5881
5.4629 2.5819
5.4639 2.5757
5.4649 2.5695
5.4659 2.5634
5.4669 2.5572
5.4679 2.5511
5.4689 2.5450
5.4699 2.5389
5.4709 2.5328
5.4719 2.5267
5.4729 2.5206
5.4739 2.5146
5.4749 2.5085
5.4759 2.5025
5.4769 2.4965
5.4779 2.4905
5.4789 2.4845
5.4799 2.4785
5.4809 2.4725
5.4819 2.4666
5.4829 2.4606
5.4839 2.4547
5.4849 2.4487
5.4859 2.4428
5.4869 2.4369
5.4879 2.4310
5.4889 2.4252
5.4899 2.4193
5.4909 2.4135
5.4919 2.4076
5.4929 2.4018
5.4939 2.3960
5.4949 2.3902
5.4959 2.3844
5.4969 2.3786
5.4979 2.3729
5.4989 2.3671
5.4999 2.3614
5.5009 2.3557
5.5019 2.3500
5.5029 2.3443
5.5039 2.3387
5.5049 2.3330
5.5059 2.3274
5.5069 2.3217
5.5079 2.3161
5.5089 2.3105
5.5099 2.3050
5.5109 2.2994
5.5119 2.2939
5.5129 2.2884
5.5139 2.2829
5.5149 2.2774
5.5159 2.2719
5.5169 2.2664
5.5179 2.2610
5.5189 2.2556
5.5199 2.2502
5.5209 2.2448
5.5219 2.2395
5.5229 2.2341
5.5239 2.2288
5.5249 2.2235
5.5259 2.2183
5.5269 2.2130
5.5279 2.2078
5.5289 2.2025
5.5299 2.1974
5.5309 2.1922
5.5319 2.1870
5.5329 2.1819
5.5339 2.1768
5.5349 2.1717
5.5359 2.1666
5.5369 2.1616
5.5379 2.1566
5.5389 2.1516
5.5399 2.1466
5.5409 2.1416
5.5419 2.1367
5.5429 2.1318
5.5439 2.1269
5.5449 2.1220
5.5459 2.1172
5.5469 2.1124
5.5479 2.1076
5.5489 2.1028
5.5499 2.0980
5.5509 2.0933
5.5519 2.0886
5.5529 2.0839
5.5539 2.0792
5.5549 2.0746
5.5559 2.0699
5.5569 2.0653
5.5579 2.0608
5.5589 2.0562
5.5599 2.0516
5.5609 2.0471
5.5619 2.0426
5.5629 2.0381
5.5639 2.0337
5.5649 2.0292
5.5659 2.0248
5.5669 2.0204
5.5679 2.0160
5.5689 2.0117
5.5699 2.0073
5.5709 2.0030
5.5719 1.9987
5.5729 1.9944
5.5739 1.9901
5.5749 1.9858
5.5759 1.9816
5.5769 1.9773
5.5779 1.9731
5.5789 1.9689
5.5799 1.9647
5.5809 1.9606
5.5819 1.9564
5.5829 1.9523
5.5839 1.9481
5.5849 1.9440
5.5859 1.9399
5.5869 1.9358
5.5879 1.9317
5.5889 1.9276
5.5899 1.9236
5.5909 1.9195
5.5919 1.9155
5.5929 1.9114
5.5939 1.9074
5.5949 1.9034
5.5959 1.8994
5.5969 1.8954
5.5979 1.8914
5.5989 1.8874
5.5999 1.8834
5.6009 1.8794
5.6019 1.8754
5.6029 1.8715
5.6039 1.8675
5.6049 1.8636
5.6059 1.8596
5.6069 1.8556
5.6079 1.8517
5.6089 1.8477
5.6099 1.8438
5.6109 1.8398
5.6119 1.8359
5.6129 1.8319
5.6139 1.8280
5.6149 1.8240
5.6159 1.8201
5.6169 1.8162
5.6179 1.8122
5.6189 1.8083
5.6199 1.8043
5.6209 1.8004
5.6219 1.7964
5.6229 1.7924
5.6239 1.7885
5.6249 1.7845
5.6259 1.7805
5.6269 1.7766
5.6279 1.7726
5.6289 1.7686
5.6299 1.7646
5.6309 1.7606
5.6319 1.7566
5.6329 1.7526
5.6339 1.7486
5.6349 1.7446
5.6359 1.7406
5.6369 1.7366
5.6379 1.7326
5.6389 1.7286
5.6399 1.7245
5.6409 1.7205
5.6419 1.7164
5.6429 1.7124
5.6439 1.7083
5.6449 1.7043
5.6459 1.7002
5.6469 1.6961
5.6479 1.6921
5.6489 1.6880
5.6499 1.6839
5.6509 1.6798
5.6519 1.6757
5.6529 1.6716
5.6539 1.6675
5.6549 1.6634
5.6559 1.6593
5.6569 1.6552
5.6579 1.6511
5.6589 1.6469
5.6599 1.6428
5.6609 1.6387
5.6619 1.6346
5.6629 1.6304
5.6639 1.6263
5.6649 1.6222
5.6659 1.6180
5.6669 1.6139
5.6679 1.6097
5.6689 1.6056
5.6699 1.6014
5.6709 1.5973
5.6719 1.5932
5.6729 1.5890
5.6739 1.5849
5.6749 1.5807
5.6759 1.5766
5.6769 1.5725
5.6779 1.5683
5.6789 1.5642
5.6799 1.5601
5.6809 1.5560
5.6819 1.5519
5.6829 1.5477
5.6839 1.5436
5.6849 1.5395
5.6859 1.5354
5.6869 1.5314
5.6879 1.5273
5.6889 1.5232
5.6899 1.5191
5.6909 1.5151
5.6919 1.5110
5.6929 1.5070
5.6939 1.5030
5.6949 1.4990
5.6959 1.4949
5.6969 1.4910
5.6979 1.4870
5.6989 1.4830
5.6999 1.4790
5.7009 1.4751
5.7019 1.4712
5.7029 1.4672
5.7039 1.4633
5.7049 1.4594
5.7059 1.4556
5.7069 1.4517
5.7079 1.4479
5.7089 1.4440
5.7099 1.4402
5.7109 1.4364
5.7119 1.4327
5.7129 1.4289
5.7139 1.4252
5.7149 1.4214
5.7159 1.4177
5.7169 1.4141
5.7179 1.4104
5.7189 1.4068
5.7199 1.4031
5.7209 1.3995
5.7219 1.3960
5.7229 1.3924
5.7239 1.3889
5.7249 1.3854
5.7259 1.3819
5.7269 1.3784
5.7279 1.3750
5.7289 1.3715
5.7299 1.3682
5.7309 1.3648
5.7319 1.3614
5.7329 1.3581
5.7339 1.3548
5.7349 1.3515
5.7359 1.3483
5.7369 1.3450
5.7379 1.3418
5.7389 1.3387
5.7399 1.3355
5.7409 1.3324
5.7419 1.3293
5.7429 1.3262
5.7439 1.3232
5.7449 1.3201
5.7459 1.3171
5.7469 1.3142
5.7479 1.3112
5.7489 1.3083
5.7499 1.3054
5.7509 1.3025
5.7519 1.2997
5.7529 1.2969
5.7539 1.2941
5.7549 1.2913
5.7559 1.2886
5.7569 1.2859
5.7579 1.2832
5.7589 1.2805
5.7599 1.2779
5.7609 1.2752
5.7619 1.2727
5.7629 1.2701
5.7639 1.2675
5.7649 1.2650
5.7659 1.2625
5.7669 1.2601
5.7679 1.2576
5.7689 1.2552
5.7699 1.2528
5.7709 1.2504
5.7719 1.2481
5.7729 1.2457
5.7739 1.2434
5.7749 1.2412
5.7759 1.2389
5.7769 1.2366
5.7779 1.2344
5.7789 1.2322
5.7799 1.2300
5.7809 1.2279
5.7819 1.2257
5.7829 1.2236
5.7839 1.2215
5.7849 1.2194
5.7859 1.2174
5.7869 1.2153
5.7879 1.2133
5.7889 1.2113
5.7899 1.2093
5.7909 1.2073
5.7919 1.2053
5.7929 1.2034
5.7939 1.2014
5.7949 1.1995
5.7959 1.1976
5.7969 1.1957
5.7979 1.1938
5.7989 1.1920
5.7999 1.1901
5.8010 1.1883
5.8020 1.1864
5.8030 1.1846
5.8040 1.1828
5.8050 1.1810
5.8060 1.1792
5.8070 1.1774
5.8080 1.1756
5.8090 1.1738
5.8100 1.1721
5.8110 1.1703
5.8120 1.1685
5.8130 1.1668
5.8140 1.1650
5.8150 1.1633
5.8160 1.1616
5.8170 1.1598
5.8180 1.1581
5.8190 1.1564
5.8200 1.1546
5.8210 1.1529
5.8220 1.1512
5.8230 1.1494
5.8240 1.1477
5.8250 1.1459
5.8260 1.1442
5.8270 1.1425
5.8280 1.1407
5.8290 1.1390
5.8300 1.1372
5.8310 1.1355
5.8320 1.1337
5.8330 1.1319
5.8340 1.1301
5.8350 1.1283
5.8360 1.1265
5.8370 1.1247
5.8380 1.1229
5.8390 1.1211
5.8400 1.1193
5.8410 1.1174
5.8420 1.1156
5.8430 1.1137
5.8440 1.1118
5.8450 1.1099
5.8460 1.1080
5.8470 1.1061
5.8480 1.1042
5.8490 1.1022
5.8500 1.1002
5.8510 1.0983
5.8520 1.0962
5.8530 1.0942
5.8540 1.0922
5.8550 1.0901
5.8560 1.0881
5.8570 1.0860
5.8580 1.0839
5.8590 1.0817
5.8600 1.0796
5.8610 1.0774
5.8620 1.0752
5.8630 1.0730
5.8640 1.0707
5.8650 1.0685
5.8660 1.0662
5.8670 1.0639
5.8680 1.0615
5.8690 1.0592
5.8700 1.0568
5.8710 1.0544
5.8720 1.0519
5.8730 1.0495
5.8740 1.0470
5.8750 1.0445
5.8760 1.0419
5.8770 1.0393
5.8780 1.0367
5.8790 1.0341
5.8800 1.0315
5.8810 1.0288
5.8820 1.0261
5.8830 1.0233
5.8840 1.0205
5.8850 1.0177
5.8860 1.0149
5.8870 1.0121
5.8880 1.0092
5.8890 1.0062
5.8900 1.0033
5.8910 1.0003
5.8920 0.9973
5.8930 0.9942
5.8940 0.9912
5.8950 0.9881
5.8960 0.9849
5.8970 0.9818
5.8980 0.9786
5.8990 0.9753
5.9000 0.9721
5.9010 0.9688
5.9020 0.9654
5.9030 0.9621
5.9040 0.9587
5.9050 0.9553
5.9060 0.9518
5.9070 0.9483
5.9080 0.9448
5.9090 0.9413
5.9100 0.9377
5.9110 0.9341
5.9120 0.9305
5.9130 0.9268
5.9140 0.9231
5.9150 0.9194
5.9160 0.9156
5.9170 0.9118
5.9180 0.9080
5.9190 0.9042
5.9200 0.9003
5.9210 0.8964
5.9220 0.8924
5.9230 0.8885
5.9240 0.8845
5.9250 0.8805
5.9260 0.8764
5.9270 0.8723
5.9280 0.8682
5.9290 0.8641
5.9300 0.8600
5.9310 0.8558
5.9320 0.8516
5.9330 0.8474
5.9340 0.8431
5.9350 0.8388
5.9360 0.8345
5.9370 0.8302
5.9380 0.8259
5.9390 0.8215
5.9400 0.8171
5.9410 0.8127
5.9420 0.8083
5.9430 0.8038
5.9440 0.7993
5.9450 0.7948
5.9460 0.7903
5.9470 0.7858
5.9480 0.7813
5.9490 0.7767
5.9500 0.7721
5.9510 0.7675
5.9520 0.7629
5.9530 0.7583
5.9540 0.7537
5.9550 0.7490
5.9560 0.7444
5.9570 0.7397
5.9580 0.7350
5.9590 0.7303
5.9600 0.7256
5.9610 0.7209
5.9620 0.7162
5.9630 0.7115
5.9640 0.7067
5.9650 0.7020
5.9660 0.6972
5.9670 0.6925
5.9680 0.6877
5.9690 0.6830
5.9700 0.6782
5.9710 0.6734
5.9720 0.6687
5.9730 0.6639
5.9740 0.6591
5.9750 0.6544
5.9760 0.6496
5.9770 0.6448
5.9780 0.6401
5.9790 0.6353
5.9800 0.6306
5.9810 0.6258
5.9820 0.6211
5.9830 0.6164
5.9840 0.6116
5.9850 0.6069
5.9860 0.6022
5.9870 0.5975
5.9880 0.5928
5.9890 0.5881
5.9900 0.5834
5.9910 0.5788
5.9920 0.5741
5.9930 0.5695
5.9940 0.5649
5.9950 0.5603
5.9960 0.5557
5.9970 0.5511
5.9980 0.5466
5.9990 0.5420
6.0000 0.5375
